------------------------------------------------
--- Create Proof--------------------------------
Method      Dep Count     Median Time  Samples
------------------------------------------------
ozks                1     0.003934834       35
ozks                2     0.006478625       60
ozks                3     0.009022645       60
ozks                4     0.010313082       15
ozks                5     0.012112396       20
ozks                6     0.012684916       25
ozks                7     0.009184229       10
ozks                8     0.016468459       15
ozks                9     0.016277209       15
ozks               10     0.014915000       10
ozks               11     0.013908958       25
ozks               12     0.019509854       10
ozks               13     0.021542021       20
ozks               14     0.018598604       10
ozks               15     0.017065812       10
ozks               16     0.019849834       45
ozks               17     0.021126541       20
ozks               18     0.024133792       10
ozks               19     0.025389209       35
ozks               20     0.022545791       10
ozks               21     0.025162416       35
ozks               22     0.028049874       15
ozks               24     0.022400875        5
ozks               25     0.031167375        5
ozks               26     0.030072146       14
ozks               27     0.017939875        5
ozks               28     0.030755416       15
ozks               29     0.031011416       20
ozks               30     0.026884167        5
ozks               31     0.026787667       75
ozks               32     0.016467750        5
ozks               33     0.032349021       40
ozks               34     0.038938250        5
ozks               35     0.028241374       10
ozks               36     0.037199834        5
ozks               37     0.034739500       20
ozks               38     0.036441771       20
ozks               39     0.036983187       20
ozks               40     0.038722833        5
ozks               41     0.026836355       10
ozks               42     0.036487541       35
ozks               43     0.030573542        9
ozks               44     0.026978834        5
ozks               45     0.042822979       10
ozks               46     0.038253104       10
ozks               47     0.037600333       35
ozks               48     0.036861458        5
ozks               49     0.033501166        5
ozks               50     0.043204125       25
ozks               51     0.044820625       10
ozks               52     0.035496563       10
ozks               53     0.039709708       30
ozks               54     0.043991167       10
ozks               55     0.031944750      100
ozks               56     0.036998708       25
ozks               57     0.045895812       10
ozks               58     0.048295125        5
ozks               59     0.034447208       25
ozks               60     0.034481333       15
ozks               61     0.044261834       20
ozks               62     0.035126562       30
ozks               63     0.035497458       70
ozks               64     0.036181312       20
ozks               65     0.036499709       35
ozks               66     0.052468625        5
ozks               69     0.038338604       30
ozks               70     0.053267417        5
ozks               71     0.046272959       10
ozks               72     0.053525958       25
ozks               73     0.040339708        5
ozks               74     0.055560251       10
ozks               76     0.055088791        5
ozks               78     0.056113625       10
ozks               81     0.057833125        5
ozks               83     0.054756104       20
ozks               89     0.039646042        5
ozks               90     0.066398167        5
ozks               92     0.069092709        5
ozks               94     0.059164251        5
ozks               96     0.066486730       10
ozks               97     0.065005480       10
ozks               99     0.061642188       50
ozks              100     0.067868750        5
ozks              101     0.060856417        5
ozks              103     0.060705334        5
ozks              106     0.070911791        5
ozks              107     0.069957750       15
ozks              110     0.070259250       10
ozks              112     0.067983958       10
ozks              116     0.069638876        5
ozks              119     0.078564917       10
ozks              120     0.068580834        5
ozks              125     0.062370708        5
ozks              129     0.073603021       10
ozks              130     0.063125959        5
ozks              132     0.079772166        5
ozks              133     0.084111000        5
ozks              134     0.077675042       25
ozks              136     0.076892958        5
ozks              138     0.087460124        5
ozks              139     0.078932334       30
ozks              140     0.076916938       20
ozks              142     0.077165333       20
ozks              143     0.086939125       10
ozks              145     0.086035126       10
ozks              146     0.084264542        5
ozks              149     0.086647125        5
ozks              158     0.090664208        5
ozks              163     0.070535458        5
ozks              165     0.094351874        5
ozks              167     0.092118332       15
ozks              176     0.096196792        5
ozks              178     0.087443250       30
ozks              183     0.094843042        5
ozks              185     0.106203667        5
ozks              186     0.097489750        5
ozks              187     0.100325542        5
ozks              188     0.091566375        5
ozks              189     0.092334417        5
ozks              190     0.093183125        5
ozks              191     0.094638833       10
ozks              206     0.106299166       45
ozks              222     0.107719416       10
ozks              223     0.106315499        5
ozks              224     0.111995500       10
ozks              228     0.112340084        5
ozks              229     0.105913958        1
ozks              230     0.110325687        4
ozks              236     0.112403500       10
ozks              237     0.129377458        1
ozks              238     0.126115062        4
ozks              249     0.120281021       10
ozks              250     0.107634834        5
ozks              261     0.112178125        5
ozks              264     0.127397437       10
ozks              268     0.127200417        5
ozks              273     0.126013041        5
ozks              288     0.131111667       11
ozks              289     0.131252187        4
ozks              291     0.135771876       10
ozks              293     0.132640083        5
ozks              298     0.125446834        5
ozks              300     0.147425626        5
ozks              301     0.147764625        5
ozks              323     0.144913624        5
ozks              324     0.139679958        5
ozks              325     0.140504000       20
ozks              326     0.142069834       25
ozks              330     0.153189917        5
ozks              336     0.138458249        5
ozks              340     0.152247583        5
ozks              341     0.144499083        5
ozks              348     0.163433209        5
ozks              350     0.155242792        5
ozks              355     0.130960749        5
ozks              360     0.144894333        5
ozks              371     0.174967874        5
ozks              382     0.174131958        5
ozks              383     0.179547625        5
ozks              396     0.180401666        5
ozks              401     0.147510917        5
ozks              404     0.162207208        5
ozks              414     0.175120042        5
ozks              418     0.163766457       15
ozks              429     0.166077750        5
ozks              434     0.186567563       10
ozks              436     0.188904625        5
ozks              438     0.193296125        5
ozks              439     0.189007459        5
ozks              444     0.196317500        4
ozks              459     0.190841791        5
ozks              492     0.210763833        5
ozks              495     0.216571208        5
ozks              561     0.240408917        5
ozks              591     0.247709459        5
ozks              601     0.238456084        5
ozks              698     0.260640166        5
ozks              709     0.292845583        5
ozks              732     0.280840333        5
ozks              739     0.283375916        5
ozks              771     0.310701834        5
ozks              774     0.319387917        5
ozks              778     0.307230541        5
ozks              786     0.316354708        5
ozks              939     0.356216749       10
ozks             1085     0.393881500        5
ozks             1099     0.425380375        5
ozks             1109     0.414580667        5
ozks             1122     0.419041375       10
ozks             1123     0.420894417       15
ozks             1197     0.442486625        5
ozks             1312     0.484562792        5
ozks             1335     0.514506416       15
ozks             1636     0.610616374        5
ozks             1637     0.610876417       15
ozks             1639     0.610415209       15
ozks             1640     0.611560667        5
ozks             1641     0.610113646       20
ozks             1647     0.610492959        5
ozks             1648     0.613170417        5
ozks             1658     0.617438791       10
ozks             1708     0.647566333        5
ozks             1716     0.626023209       15
ozks             2167     0.794250583        5
ozks             2168     0.793755270       10
ozks             2505     0.910756417        5
ozks             2925     1.063236542        5
ozks             3110     1.125669792       15
ozks             3710     1.353427125        5
ozks             4098     1.487501624        5
ozks             8209     2.967968334        5
% ozks
\{(1,0.003934834) (2,0.006478625) (3,0.009022645) (4,0.010313082) (5,0.012112396) (6,0.012684916) (7,0.009184229) (8,0.016468459) (9,0.016277209) (10,0.014915000) (11,0.013908958) (12,0.019509854) (13,0.021542021) (14,0.018598604) (15,0.017065812) (16,0.019849834) (17,0.021126541) (18,0.024133792) (19,0.025389209) (20,0.022545791) (21,0.025162416) (22,0.028049874) (24,0.022400875) (25,0.031167375) (26,0.030072146) (27,0.017939875) (28,0.030755416) (29,0.031011416) (30,0.026884167) (31,0.026787667) (32,0.016467750) (33,0.032349021) (34,0.038938250) (35,0.028241374) (36,0.037199834) (37,0.034739500) (38,0.036441771) (39,0.036983187) (40,0.038722833) (41,0.026836355) (42,0.036487541) (43,0.030573542) (44,0.026978834) (45,0.042822979) (46,0.038253104) (47,0.037600333) (48,0.036861458) (49,0.033501166) (50,0.043204125) (51,0.044820625) (52,0.035496563) (53,0.039709708) (54,0.043991167) (55,0.031944750) (56,0.036998708) (57,0.045895812) (58,0.048295125) (59,0.034447208) (60,0.034481333) (61,0.044261834) (62,0.035126562) (63,0.035497458) (64,0.036181312) (65,0.036499709) (66,0.052468625) (69,0.038338604) (70,0.053267417) (71,0.046272959) (72,0.053525958) (73,0.040339708) (74,0.055560251) (76,0.055088791) (78,0.056113625) (81,0.057833125) (83,0.054756104) (89,0.039646042) (90,0.066398167) (92,0.069092709) (94,0.059164251) (96,0.066486730) (97,0.065005480) (99,0.061642188) (100,0.067868750) (101,0.060856417) (103,0.060705334) (106,0.070911791) (107,0.069957750) (110,0.070259250) (112,0.067983958) (116,0.069638876) (119,0.078564917) (120,0.068580834) (125,0.062370708) (129,0.073603021) (130,0.063125959) (132,0.079772166) (133,0.084111000) (134,0.077675042) (136,0.076892958) (138,0.087460124) (139,0.078932334) (140,0.076916938) (142,0.077165333) (143,0.086939125) (145,0.086035126) (146,0.084264542) (149,0.086647125) (158,0.090664208) (163,0.070535458) (165,0.094351874) (167,0.092118332) (176,0.096196792) (178,0.087443250) (183,0.094843042) (185,0.106203667) (186,0.097489750) (187,0.100325542) (188,0.091566375) (189,0.092334417) (190,0.093183125) (191,0.094638833) (206,0.106299166) (222,0.107719416) (223,0.106315499) (224,0.111995500) (228,0.112340084) (229,0.105913958) (230,0.110325687) (236,0.112403500) (237,0.129377458) (238,0.126115062) (249,0.120281021) (250,0.107634834) (261,0.112178125) (264,0.127397437) (268,0.127200417) (273,0.126013041) (288,0.131111667) (289,0.131252187) (291,0.135771876) (293,0.132640083) (298,0.125446834) (300,0.147425626) (301,0.147764625) (323,0.144913624) (324,0.139679958) (325,0.140504000) (326,0.142069834) (330,0.153189917) (336,0.138458249) (340,0.152247583) (341,0.144499083) (348,0.163433209) (350,0.155242792) (355,0.130960749) (360,0.144894333) (371,0.174967874) (382,0.174131958) (383,0.179547625) (396,0.180401666) (401,0.147510917) (404,0.162207208) (414,0.175120042) (418,0.163766457) (429,0.166077750) (434,0.186567563) (436,0.188904625) (438,0.193296125) (439,0.189007459) (444,0.196317500) (459,0.190841791) (492,0.210763833) (495,0.216571208) (561,0.240408917) (591,0.247709459) (601,0.238456084) (698,0.260640166) (709,0.292845583) (732,0.280840333) (739,0.283375916) (771,0.310701834) (774,0.319387917) (778,0.307230541) (786,0.316354708) (939,0.356216749) (1085,0.393881500) (1099,0.425380375) (1109,0.414580667) (1122,0.419041375) (1123,0.420894417) (1197,0.442486625) (1312,0.484562792) (1335,0.514506416) (1636,0.610616374) (1637,0.610876417) (1639,0.610415209) (1640,0.611560667) (1641,0.610113646) (1647,0.610492959) (1648,0.613170417) (1658,0.617438791) (1708,0.647566333) (1716,0.626023209) (2167,0.794250583) (2168,0.793755270) (2505,0.910756417) (2925,1.063236542) (3110,1.125669792) (3710,1.353427125) (4098,1.487501624) (8209,2.967968334)}
------------------------------------------------
------------------------------------------------
--- Verify Proof--------------------------------
Method      Dep Count     Median Time  Samples
------------------------------------------------
ozks                1     0.000026042       35
ozks                2     0.000027562       60
ozks                3     0.000027625       60
ozks                4     0.000027708       15
ozks                5     0.000027479       20
ozks                6     0.000024958       25
ozks                7     0.000021479       10
ozks                8     0.000026958       15
ozks                9     0.000024875       15
ozks               10     0.000024959       10
ozks               11     0.000024083       25
ozks               12     0.000024813       10
ozks               13     0.000023834       20
ozks               14     0.000024604       10
ozks               15     0.000022999       10
ozks               16     0.000022750       45
ozks               17     0.000023062       20
ozks               18     0.000023375       10
ozks               19     0.000023167       35
ozks               20     0.000022521       10
ozks               21     0.000021333       35
ozks               22     0.000023333       15
ozks               24     0.000021708        5
ozks               25     0.000021458        5
ozks               26     0.000020729       14
ozks               27     0.000014166        5
ozks               28     0.000020250       15
ozks               29     0.000018250       20
ozks               30     0.000018542        5
ozks               31     0.000017875       75
ozks               32     0.000014958        5
ozks               33     0.000016625       40
ozks               34     0.000020709        5
ozks               35     0.000015938       10
ozks               36     0.000015125        5
ozks               37     0.000015625       20
ozks               38     0.000015666       20
ozks               39     0.000016500       20
ozks               40     0.000016250        5
ozks               41     0.000015334       10
ozks               42     0.000016750       35
ozks               43     0.000016417        9
ozks               44     0.000016541        5
ozks               45     0.000015271       10
ozks               46     0.000014354       10
ozks               47     0.000017250       35
ozks               48     0.000016292        5
ozks               49     0.000015834        5
ozks               50     0.000014750       25
ozks               51     0.000016270       10
ozks               52     0.000013229       10
ozks               53     0.000016271       30
ozks               54     0.000014604       10
ozks               55     0.000012917      100
ozks               56     0.000013750       25
ozks               57     0.000014396       10
ozks               58     0.000016500        5
ozks               59     0.000014041       25
ozks               60     0.000013125       15
ozks               61     0.000013209       20
ozks               62     0.000013792       30
ozks               63     0.000012583       70
ozks               64     0.000012792       20
ozks               65     0.000012708       35
ozks               66     0.000016125        5
ozks               69     0.000012730       30
ozks               70     0.000013458        5
ozks               71     0.000014938       10
ozks               72     0.000013333       25
ozks               73     0.000012500        5
ozks               74     0.000013104       10
ozks               76     0.000015500        5
ozks               78     0.000013001       10
ozks               81     0.000014875        5
ozks               83     0.000012645       20
ozks               89     0.000011500        5
ozks               90     0.000012375        5
ozks               92     0.000012792        5
ozks               94     0.000012167        5
ozks               96     0.000013646       10
ozks               97     0.000012479       10
ozks               99     0.000012084       50
ozks              100     0.000012375        5
ozks              101     0.000013125        5
ozks              103     0.000011959        5
ozks              106     0.000012083        5
ozks              107     0.000014000       15
ozks              110     0.000012604       10
ozks              112     0.000011833       10
ozks              116     0.000012084        5
ozks              119     0.000012000       10
ozks              120     0.000011709        5
ozks              125     0.000011542        5
ozks              129     0.000011874       10
ozks              130     0.000013917        5
ozks              132     0.000012083        5
ozks              133     0.000013375        5
ozks              134     0.000011792       25
ozks              136     0.000011542        5
ozks              138     0.000014333        5
ozks              139     0.000011604       30
ozks              140     0.000012376       20
ozks              142     0.000012833       20
ozks              143     0.000011354       10
ozks              145     0.000012041       10
ozks              146     0.000011958        5
ozks              149     0.000011417        5
ozks              158     0.000011167        5
ozks              163     0.000011625        5
ozks              165     0.000013625        5
ozks              167     0.000012083       15
ozks              176     0.000013791        5
ozks              178     0.000011355       30
ozks              183     0.000010917        5
ozks              185     0.000011167        5
ozks              186     0.000011833        5
ozks              187     0.000011375        5
ozks              188     0.000010917        5
ozks              189     0.000013500        5
ozks              190     0.000011166        5
ozks              191     0.000013688       10
ozks              206     0.000011084       45
ozks              222     0.000011104       10
ozks              223     0.000011125        5
ozks              224     0.000011750       10
ozks              228     0.000011084        5
ozks              229     0.000011291        1
ozks              230     0.000012438        4
ozks              236     0.000012375       10
ozks              237     0.000011292        1
ozks              238     0.000013625        4
ozks              249     0.000011146       10
ozks              250     0.000011666        5
ozks              261     0.000011167        5
ozks              264     0.000012313       10
ozks              268     0.000011084        5
ozks              273     0.000010708        5
ozks              288     0.000011459       11
ozks              289     0.000011708        4
ozks              291     0.000010980       10
ozks              293     0.000010958        5
ozks              298     0.000011250        5
ozks              300     0.000013209        5
ozks              301     0.000010792        5
ozks              323     0.000012833        5
ozks              324     0.000011000        5
ozks              325     0.000011146       20
ozks              326     0.000011458       25
ozks              330     0.000013750        5
ozks              336     0.000011625        5
ozks              340     0.000011292        5
ozks              341     0.000013625        5
ozks              348     0.000011666        5
ozks              350     0.000011167        5
ozks              355     0.000013542        5
ozks              360     0.000011291        5
ozks              371     0.000011166        5
ozks              382     0.000011625        5
ozks              383     0.000011000        5
ozks              396     0.000011583        5
ozks              401     0.000012833        5
ozks              404     0.000010958        5
ozks              414     0.000013750        5
ozks              418     0.000011042       15
ozks              429     0.000011875        5
ozks              434     0.000011875       10
ozks              436     0.000013292        5
ozks              438     0.000011208        5
ozks              439     0.000011375        5
ozks              444     0.000013479        4
ozks              459     0.000011209        5
ozks              492     0.000011125        5
ozks              495     0.000013666        5
ozks              561     0.000011083        5
ozks              591     0.000012750        5
ozks              601     0.000011291        5
ozks              698     0.000011542        5
ozks              709     0.000011167        5
ozks              732     0.000011792        5
ozks              739     0.000011292        5
ozks              771     0.000013750        5
ozks              774     0.000011291        5
ozks              778     0.000011375        5
ozks              786     0.000011166        5
ozks              939     0.000012709       10
ozks             1085     0.000013833        5
ozks             1099     0.000011666        5
ozks             1109     0.000011125        5
ozks             1122     0.000011375       10
ozks             1123     0.000011250       15
ozks             1197     0.000011584        5
ozks             1312     0.000011042        5
ozks             1335     0.000011375       15
ozks             1636     0.000011500        5
ozks             1637     0.000011584       15
ozks             1639     0.000011459       15
ozks             1640     0.000011375        5
ozks             1641     0.000011375       20
ozks             1647     0.000014125        5
ozks             1648     0.000011500        5
ozks             1658     0.000011126       10
ozks             1708     0.000011459        5
ozks             1716     0.000011208       15
ozks             2167     0.000011500        5
ozks             2168     0.000012063       10
ozks             2505     0.000011583        5
ozks             2925     0.000013417        5
ozks             3110     0.000011459       15
ozks             3710     0.000014250        5
ozks             4098     0.000011291        5
ozks             8209     0.000011834        5
% ozks
\{(1,0.000026042) (2,0.000027562) (3,0.000027625) (4,0.000027708) (5,0.000027479) (6,0.000024958) (7,0.000021479) (8,0.000026958) (9,0.000024875) (10,0.000024959) (11,0.000024083) (12,0.000024813) (13,0.000023834) (14,0.000024604) (15,0.000022999) (16,0.000022750) (17,0.000023062) (18,0.000023375) (19,0.000023167) (20,0.000022521) (21,0.000021333) (22,0.000023333) (24,0.000021708) (25,0.000021458) (26,0.000020729) (27,0.000014166) (28,0.000020250) (29,0.000018250) (30,0.000018542) (31,0.000017875) (32,0.000014958) (33,0.000016625) (34,0.000020709) (35,0.000015938) (36,0.000015125) (37,0.000015625) (38,0.000015666) (39,0.000016500) (40,0.000016250) (41,0.000015334) (42,0.000016750) (43,0.000016417) (44,0.000016541) (45,0.000015271) (46,0.000014354) (47,0.000017250) (48,0.000016292) (49,0.000015834) (50,0.000014750) (51,0.000016270) (52,0.000013229) (53,0.000016271) (54,0.000014604) (55,0.000012917) (56,0.000013750) (57,0.000014396) (58,0.000016500) (59,0.000014041) (60,0.000013125) (61,0.000013209) (62,0.000013792) (63,0.000012583) (64,0.000012792) (65,0.000012708) (66,0.000016125) (69,0.000012730) (70,0.000013458) (71,0.000014938) (72,0.000013333) (73,0.000012500) (74,0.000013104) (76,0.000015500) (78,0.000013001) (81,0.000014875) (83,0.000012645) (89,0.000011500) (90,0.000012375) (92,0.000012792) (94,0.000012167) (96,0.000013646) (97,0.000012479) (99,0.000012084) (100,0.000012375) (101,0.000013125) (103,0.000011959) (106,0.000012083) (107,0.000014000) (110,0.000012604) (112,0.000011833) (116,0.000012084) (119,0.000012000) (120,0.000011709) (125,0.000011542) (129,0.000011874) (130,0.000013917) (132,0.000012083) (133,0.000013375) (134,0.000011792) (136,0.000011542) (138,0.000014333) (139,0.000011604) (140,0.000012376) (142,0.000012833) (143,0.000011354) (145,0.000012041) (146,0.000011958) (149,0.000011417) (158,0.000011167) (163,0.000011625) (165,0.000013625) (167,0.000012083) (176,0.000013791) (178,0.000011355) (183,0.000010917) (185,0.000011167) (186,0.000011833) (187,0.000011375) (188,0.000010917) (189,0.000013500) (190,0.000011166) (191,0.000013688) (206,0.000011084) (222,0.000011104) (223,0.000011125) (224,0.000011750) (228,0.000011084) (229,0.000011291) (230,0.000012438) (236,0.000012375) (237,0.000011292) (238,0.000013625) (249,0.000011146) (250,0.000011666) (261,0.000011167) (264,0.000012313) (268,0.000011084) (273,0.000010708) (288,0.000011459) (289,0.000011708) (291,0.000010980) (293,0.000010958) (298,0.000011250) (300,0.000013209) (301,0.000010792) (323,0.000012833) (324,0.000011000) (325,0.000011146) (326,0.000011458) (330,0.000013750) (336,0.000011625) (340,0.000011292) (341,0.000013625) (348,0.000011666) (350,0.000011167) (355,0.000013542) (360,0.000011291) (371,0.000011166) (382,0.000011625) (383,0.000011000) (396,0.000011583) (401,0.000012833) (404,0.000010958) (414,0.000013750) (418,0.000011042) (429,0.000011875) (434,0.000011875) (436,0.000013292) (438,0.000011208) (439,0.000011375) (444,0.000013479) (459,0.000011209) (492,0.000011125) (495,0.000013666) (561,0.000011083) (591,0.000012750) (601,0.000011291) (698,0.000011542) (709,0.000011167) (732,0.000011792) (739,0.000011292) (771,0.000013750) (774,0.000011291) (778,0.000011375) (786,0.000011166) (939,0.000012709) (1085,0.000013833) (1099,0.000011666) (1109,0.000011125) (1122,0.000011375) (1123,0.000011250) (1197,0.000011584) (1312,0.000011042) (1335,0.000011375) (1636,0.000011500) (1637,0.000011584) (1639,0.000011459) (1640,0.000011375) (1641,0.000011375) (1647,0.000014125) (1648,0.000011500) (1658,0.000011126) (1708,0.000011459) (1716,0.000011208) (2167,0.000011500) (2168,0.000012063) (2505,0.000011583) (2925,0.000013417) (3110,0.000011459) (3710,0.000014250) (4098,0.000011291) (8209,0.000011834)}
------------------------------------------------
--- Non-Inclusion Proof Sizes ------------------
Method      Dep Count  Median Size (B)  Samples
--------------------------------------------------
ozks                1           2299.0       35
ozks                2           4756.0       60
ozks                3           7086.5       60
ozks                4           9388.0       15
ozks                5          11913.0       20
ozks                6          14288.0       25
ozks                7          16711.5       10
ozks                8          18800.0       15
ozks                9          22027.0       15
ozks               10          24100.0       10
ozks               11          26164.0       25
ozks               12          28792.5       10
ozks               13          30982.5       20
ozks               14          33205.5       10
ozks               15          36665.5       10
ozks               16          37424.0       45
ozks               17          41016.0       20
ozks               18          43982.0       10
ozks               19          45639.0       35
ozks               20          47893.0       10
ozks               21          50394.0       35
ozks               22          52250.0       15
ozks               24          58572.0        5
ozks               25          61363.0        5
ozks               26          62320.0       14
ozks               27          64486.0        5
ozks               28          66842.0       15
ozks               29          68573.0       20
ozks               30          71534.0        5
ozks               31          73393.0       75
ozks               32          75472.0        5
ozks               33          77921.5       40
ozks               34          80622.0        5
ozks               35          82485.0       10
ozks               36          85521.0        5
ozks               37          89045.0       20
ozks               38          90317.0       20
ozks               39          93810.0       20
ozks               40          93464.0        5
ozks               41          96660.0       10
ozks               42         100811.0       35
ozks               43         102993.0        9
ozks               44         104225.0        5
ozks               45         108010.0       10
ozks               46         109820.5       10
ozks               47         113320.0       35
ozks               48         113930.0        5
ozks               49         116245.0        5
ozks               50         118967.0       25
ozks               51         124299.0       10
ozks               52         123730.0       10
ozks               53         128018.0       30
ozks               54         127308.5       10
ozks               55         129852.0      100
ozks               56         133128.0       25
ozks               57         136292.0       10
ozks               58         138790.0        5
ozks               59         139267.0       25
ozks               60         141530.0       15
ozks               61         143431.0       20
ozks               62         146070.0       30
ozks               63         148685.0       70
ozks               64         151131.0       20
ozks               65         153570.0       35
ozks               66         160219.0        5
ozks               69         162986.0       30
ozks               70         168013.0        5
ozks               71         168056.0       10
ozks               72         171955.0       25
ozks               73         172740.0        5
ozks               74         177541.5       10
ozks               76         181921.0        5
ozks               78         183443.0       10
ozks               81         192561.0        5
ozks               83         197308.0       20
ozks               89         211524.0        5
ozks               90         217147.0        5
ozks               92         223087.0        5
ozks               94         226357.0        5
ozks               96         227582.0       10
ozks               97         231648.0       10
ozks               99         237663.0       50
ozks              100         240945.0        5
ozks              101         244130.0        5
ozks              103         238470.0        5
ozks              106         251039.0        5
ozks              107         255370.0       15
ozks              110         261495.5       10
ozks              112         270038.0       10
ozks              116         277491.0        5
ozks              119         286881.5       10
ozks              120         289873.0        5
ozks              125         294755.0        5
ozks              129         305200.0       10
ozks              130         307140.0        5
ozks              132         318008.0        5
ozks              133         320817.0        5
ozks              134         321979.0       25
ozks              136         323215.0        5
ozks              138         328293.0        5
ozks              139         330753.0       30
ozks              140         336990.0       20
ozks              142         341920.0       20
ozks              143         342589.0       10
ozks              145         345266.5       10
ozks              146         350700.0        5
ozks              149         352567.0        5
ozks              158         377096.0        5
ozks              163         384549.0        5
ozks              165         394009.0        5
ozks              167         399103.0       15
ozks              176         417784.0        5
ozks              178         424253.0       30
ozks              183         436466.0        5
ozks              185         445808.0        5
ozks              186         448428.0        5
ozks              187         444441.0        5
ozks              188         447587.0        5
ozks              189         450388.0        5
ozks              190         453013.0        5
ozks              191         457155.0       10
ozks              206         491218.0       45
ozks              222         525956.0       10
ozks              223         528041.0        5
ozks              224         532685.5       10
ozks              228         543790.0        5
ozks              229         548115.0        1
ozks              230         550748.0        4
ozks              236         566757.0       10
ozks              237         567753.0        1
ozks              238         570386.0        4
ozks              249         597494.5       10
ozks              250         590704.0        5
ozks              261         616152.0        5
ozks              264         630878.0       10
ozks              268         639710.0        5
ozks              273         647711.0        5
ozks              288         692626.0       11
ozks              289         693993.0        4
ozks              291         694829.5       10
ozks              293         695433.0        5
ozks              298         703144.0        5
ozks              300         721137.0        5
ozks              301         723589.0        5
ozks              323         781269.0        5
ozks              324         771632.0        5
ozks              325         773717.0       20
ozks              326         776154.0       25
ozks              330         783662.0        5
ozks              336         797710.0        5
ozks              340         812217.0        5
ozks              341         816580.0        5
ozks              348         837033.0        5
ozks              350         835691.0        5
ozks              355         844268.0        5
ozks              360         856954.0        5
ozks              371         891845.0        5
ozks              382         914885.0        5
ozks              383         923471.0        5
ozks              396         939104.0        5
ozks              401         959530.0        5
ozks              404         957747.0        5
ozks              414         988495.0        5
ozks              418         987104.0       15
ozks              429        1025061.0        5
ozks              434        1028608.0       10
ozks              436        1038832.0        5
ozks              438        1050097.0        5
ozks              439        1052194.0        5
ozks              444        1064018.0        4
ozks              459        1091162.0        5
ozks              492        1177041.0        5
ozks              495        1187212.0        5
ozks              561        1344295.0        5
ozks              591        1403942.0        5
ozks              601        1439249.0        5
ozks              698        1653401.0        5
ozks              709        1695425.0        5
ozks              732        1750415.0        5
ozks              739        1767009.0        5
ozks              771        1847348.0        5
ozks              774        1855925.0        5
ozks              778        1872890.0        5
ozks              786        1892177.0        5
ozks              939        2241244.0       10
ozks             1085        2589205.0        5
ozks             1099        2623882.0        5
ozks             1109        2650459.0        5
ozks             1122        2664016.0       10
ozks             1123        2666630.0       15
ozks             1197        2857434.0        5
ozks             1312        3127043.0        5
ozks             1335        3193929.0       15
ozks             1636        3890162.0        5
ozks             1637        3892429.0       15
ozks             1639        3897301.0       15
ozks             1640        3899920.0        5
ozks             1641        3902356.0       20
ozks             1647        3916268.0        5
ozks             1648        3918352.0        5
ozks             1658        3943088.0       10
ozks             1708        4074586.0        5
ozks             1716        4083399.0       15
ozks             2167        5201819.0        5
ozks             2168        5204262.0       10
ozks             2505        5996525.0        5
ozks             2925        6986563.0        5
ozks             3110        7423766.0       15
ozks             3710        8893410.0        5
ozks             4098        9693492.0        5
ozks             8209       19520637.0        5
% ozks
\{(1,2299) (2,4756) (3,7086) (4,9388) (5,11913) (6,14288) (7,16712) (8,18800) (9,22027) (10,24100) (11,26164) (12,28792) (13,30982) (14,33206) (15,36666) (16,37424) (17,41016) (18,43982) (19,45639) (20,47893) (21,50394) (22,52250) (24,58572) (25,61363) (26,62320) (27,64486) (28,66842) (29,68573) (30,71534) (31,73393) (32,75472) (33,77922) (34,80622) (35,82485) (36,85521) (37,89045) (38,90317) (39,93810) (40,93464) (41,96660) (42,100811) (43,102993) (44,104225) (45,108010) (46,109820) (47,113320) (48,113930) (49,116245) (50,118967) (51,124299) (52,123730) (53,128018) (54,127308) (55,129852) (56,133128) (57,136292) (58,138790) (59,139267) (60,141530) (61,143431) (62,146070) (63,148685) (64,151131) (65,153570) (66,160219) (69,162986) (70,168013) (71,168056) (72,171955) (73,172740) (74,177542) (76,181921) (78,183443) (81,192561) (83,197308) (89,211524) (90,217147) (92,223087) (94,226357) (96,227582) (97,231648) (99,237663) (100,240945) (101,244130) (103,238470) (106,251039) (107,255370) (110,261496) (112,270038) (116,277491) (119,286882) (120,289873) (125,294755) (129,305200) (130,307140) (132,318008) (133,320817) (134,321979) (136,323215) (138,328293) (139,330753) (140,336990) (142,341920) (143,342589) (145,345266) (146,350700) (149,352567) (158,377096) (163,384549) (165,394009) (167,399103) (176,417784) (178,424253) (183,436466) (185,445808) (186,448428) (187,444441) (188,447587) (189,450388) (190,453013) (191,457155) (206,491218) (222,525956) (223,528041) (224,532686) (228,543790) (229,548115) (230,550748) (236,566757) (237,567753) (238,570386) (249,597494) (250,590704) (261,616152) (264,630878) (268,639710) (273,647711) (288,692626) (289,693993) (291,694830) (293,695433) (298,703144) (300,721137) (301,723589) (323,781269) (324,771632) (325,773717) (326,776154) (330,783662) (336,797710) (340,812217) (341,816580) (348,837033) (350,835691) (355,844268) (360,856954) (371,891845) (382,914885) (383,923471) (396,939104) (401,959530) (404,957747) (414,988495) (418,987104) (429,1025061) (434,1028608) (436,1038832) (438,1050097) (439,1052194) (444,1064018) (459,1091162) (492,1177041) (495,1187212) (561,1344295) (591,1403942) (601,1439249) (698,1653401) (709,1695425) (732,1750415) (739,1767009) (771,1847348) (774,1855925) (778,1872890) (786,1892177) (939,2241244) (1085,2589205) (1099,2623882) (1109,2650459) (1122,2664016) (1123,2666630) (1197,2857434) (1312,3127043) (1335,3193929) (1636,3890162) (1637,3892429) (1639,3897301) (1640,3899920) (1641,3902356) (1647,3916268) (1648,3918352) (1658,3943088) (1708,4074586) (1716,4083399) (2167,5201819) (2168,5204262) (2505,5996525) (2925,6986563) (3110,7423766) (3710,8893410) (4098,9693492) (8209,19520637)}
------------------------------------------------
