merkle-patricia-trie: (2, 0.000968) (3, 0.000672) (4, 0.000726) (8, 0.001122) (16, 0.001860) (32, 0.003344) (64, 0.006284) (128, 0.011982) (256, 0.023798) (512, 0.046258) (1024, 0.091794)
merkle-tree: (2, 0.001640) (3, 0.000928) (4, 0.001082) (8, 0.001482) (16, 0.002244) (32, 0.004024) (64, 0.006646) (128, 0.012464) (256, 0.023374) (512, 0.045788) (1024, 0.090600)
sparse-merkle-tree: (2, 0.000622) (3, 0.000698) (4, 0.000878) (8, 0.001428) (16, 0.002540) (32, 0.004480) (64, 0.008870) (128, 0.017360) (256, 0.034732) (512, 0.070758) (1024, 0.155746)
