merkle-patricia-trie: (2, 0.000130) (3, 0.000130) (4, 0.000130) (8, 0.000110) (16, 0.000108) (32, 0.000104) (64, 0.000108) (128, 0.000112) (256, 0.000112) (512, 0.000110) (1024, 0.000118)
merkle-tree: (2, 0.000242) (3, 0.000176) (4, 0.000096) (8, 0.000094) (16, 0.000104) (32, 0.000132) (64, 0.000132) (128, 0.000126) (256, 0.000134) (512, 0.000070) (1024, 0.000066)
sparse-merkle-tree: (2, 0.000086) (3, 0.000088) (4, 0.000062) (8, 0.000070) (16, 0.000072) (32, 0.000064) (64, 0.000074) (128, 0.000088) (256, 0.000164) (512, 0.000138) (1024, 0.000106)
