------------------------------------------------
--- Create Commitment --------------------------
Method      Dep Count     Median Time  Samples
------------------------------------------------
ozks                1     0.024691917       10
ozks               10     0.024695188       10
ozks               30     0.024795167       10
ozks               50     0.024633313       10
ozks              100     0.024813729       10
ozks              150     0.024624917       10
ozks              200     0.024513396       10
ozks              250     0.024734063       10
ozks              300     0.024601500       10
ozks              350     0.024647916       10
ozks              400     0.024655958       10
ozks              450     0.024670541       10
ozks              500     0.025066625       10
ozks              550     0.024721479       10
ozks              600     0.024978791       10
ozks              650     0.024613292       10
ozks              700     0.025194605       10
ozks              750     0.025012896       10
ozks              800     0.024967688       10
ozks              850     0.024961895       10
ozks              900     0.025100271       10
ozks              950     0.024980979       10
ozks             1000     0.025192833       10
% ozks
\{(1,0.024691917) (10,0.024695188) (30,0.024795167) (50,0.024633313) (100,0.024813729) (150,0.024624917) (200,0.024513396) (250,0.024734063) (300,0.024601500) (350,0.024647916) (400,0.024655958) (450,0.024670541) (500,0.025066625) (550,0.024721479) (600,0.024978791) (650,0.024613292) (700,0.025194605) (750,0.025012896) (800,0.024967688) (850,0.024961895) (900,0.025100271) (950,0.024980979) (1000,0.025192833)}
------------------------------------------------
------------------------------------------------
--- Create Inclusion Proof ---------------------
Method      Dep Count     Median Time  Samples
------------------------------------------------
ozks                1     0.002062562       10
ozks               10     0.005776542       10
ozks               30     0.013717313       10
ozks               50     0.022020000       10
ozks              100     0.041643687       10
ozks              150     0.061655396       10
ozks              200     0.082459771       10
ozks              250     0.101388271       10
ozks              300     0.121053083       10
ozks              350     0.142637209       10
ozks              400     0.160994729       10
ozks              450     0.180849084       10
ozks              500     0.202726187       10
ozks              550     0.220704438       10
ozks              600     0.244286208       10
ozks              650     0.259717771       10
ozks              700     0.286032854       10
ozks              750     0.298106834       10
ozks              800     0.319136312       10
ozks              850     0.340336728       10
ozks              900     0.357053958       10
ozks              950     0.377344979       10
ozks             1000     0.398111646       10
% ozks
\{(1,0.002062562) (10,0.005776542) (30,0.013717313) (50,0.022020000) (100,0.041643687) (150,0.061655396) (200,0.082459771) (250,0.101388271) (300,0.121053083) (350,0.142637209) (400,0.160994729) (450,0.180849084) (500,0.202726187) (550,0.220704438) (600,0.244286208) (650,0.259717771) (700,0.286032854) (750,0.298106834) (800,0.319136312) (850,0.340336728) (900,0.357053958) (950,0.377344979) (1000,0.398111646)}
------------------------------------------------
------------------------------------------------
--- Verify Inclsuion Proof ---------------------
Method      Dep Count     Median Time  Samples
------------------------------------------------
ozks                1     0.000127395       10
ozks               10     0.000841187       10
ozks               30     0.002391021       10
ozks               50     0.003926792       10
ozks              100     0.007769730       10
ozks              150     0.011547771       10
ozks              200     0.015379646       10
ozks              250     0.019368708       10
ozks              300     0.023116813       10
ozks              350     0.027643583       10
ozks              400     0.030957084       10
ozks              450     0.034620604       10
ozks              500     0.038808312       10
ozks              550     0.042830416       10
ozks              600     0.046397896       10
ozks              650     0.050425354       10
ozks              700     0.054714479       10
ozks              750     0.057765667       10
ozks              800     0.061628187       10
ozks              850     0.066471083       10
ozks              900     0.071738000       10
ozks              950     0.076070729       10
ozks             1000     0.078523042       10
% ozks
\{(1,0.000127395) (10,0.000841187) (30,0.002391021) (50,0.003926792) (100,0.007769730) (150,0.011547771) (200,0.015379646) (250,0.019368708) (300,0.023116813) (350,0.027643583) (400,0.030957084) (450,0.034620604) (500,0.038808312) (550,0.042830416) (600,0.046397896) (650,0.050425354) (700,0.054714479) (750,0.057765667) (800,0.061628187) (850,0.066471083) (900,0.071738000) (950,0.076070729) (1000,0.078523042)}
------------------------------------------------
------------------------------------------------
--- DB Sizes------------------------------------
Method      Dep Count  Median Size (B)  Samples
--------------------------------------------------
ozks                1         768000.0       10
ozks               10         770048.0       10
ozks               30         765952.0       10
ozks               50         765952.0       10
ozks              100         770048.0       10
ozks              150         772096.0       10
ozks              200         772096.0       10
ozks              250         774144.0       10
ozks              300         770048.0       10
ozks              350         774144.0       10
ozks              400         776192.0       10
ozks              450         776192.0       10
ozks              500         776192.0       10
ozks              550         774144.0       10
ozks              600         778240.0       10
ozks              650         778240.0       10
ozks              700         776192.0       10
ozks              750         782336.0       10
ozks              800         778240.0       10
ozks              850         778240.0       10
ozks              900         776192.0       10
ozks              950         782336.0       10
ozks             1000         782336.0       10
% ozks
\{(1,768000) (10,770048) (30,765952) (50,765952) (100,770048) (150,772096) (200,772096) (250,774144) (300,770048) (350,774144) (400,776192) (450,776192) (500,776192) (550,774144) (600,778240) (650,778240) (700,776192) (750,782336) (800,778240) (850,778240) (900,776192) (950,782336) (1000,782336)}
------------------------------------------------
------------------------------------------------
--- Inclusion Proof Sizes ----------------------
Method      Dep Count  Median Size (B)  Samples
--------------------------------------------------
ozks                1           2598.0       10
ozks               10          25660.0       10
ozks               30          76970.0       10
ozks               50         127307.0       10
ozks              100         254303.0       10
ozks              150         382862.0       10
ozks              200         511556.0       10
ozks              250         639226.0       10
ozks              300         769736.0       10
ozks              350         897734.0       10
ozks              400        1024637.0       10
ozks              450        1153547.0       10
ozks              500        1281401.0       10
ozks              550        1409447.0       10
ozks              600        1536613.0       10
ozks              650        1668827.0       10
ozks              700        1794995.0       10
ozks              750        1921641.0       10
ozks              800        2053037.0       10
ozks              850        2179274.0       10
ozks              900        2305016.0       10
ozks              950        2432990.0       10
ozks             1000        2559796.0       10
% ozks
\{(1,2598) (10,25660) (30,76970) (50,127307) (100,254303) (150,382862) (200,511556) (250,639226) (300,769736) (350,897734) (400,1024637) (450,1153547) (500,1281401) (550,1409447) (600,1536613) (650,1668827) (700,1794995) (750,1921641) (800,2053037) (850,2179274) (900,2305016) (950,2432990) (1000,2559796)}
------------------------------------------------
