------------------------------------------------
--- Create Commitment --------------------------
Method      Dep Count     Median Time  Samples
------------------------------------------------
ozks                0     0.002370916       10
ozks               10     0.003384876       10
ozks               30     0.003869750       10
ozks               50     0.004292750       10
ozks              100     0.005302187       10
ozks              150     0.006249437       10
ozks              200     0.007235271       10
ozks              250     0.008235249       10
ozks              300     0.009264500       10
ozks              350     0.010368104       10
ozks              400     0.011534209       10
ozks              450     0.012546522       10
ozks              500     0.013611083       10
ozks              550     0.014835563       10
ozks              600     0.015916750       10
ozks              650     0.016844375       10
ozks              700     0.017651479       10
ozks              750     0.018683063       10
ozks              800     0.019898979       10
ozks              850     0.020844292       10
ozks              900     0.021614042       10
ozks              950     0.022708437       10
ozks             1000     0.023880208       10
ozks             1500     0.034747563       10
ozks             2000     0.045469042       10
ozks             2500     0.057582792       10
ozks             3000     0.070932271       10
ozks             3500     0.083340687       10
ozks             4000     0.095879667       10
ozks             4500     0.109376146       10
ozks             5000     0.121763917       10
ozks             5500     0.135212666       10
ozks             6000     0.148146896       10
ozks             6500     0.160918521       10
ozks             7000     0.174191062       10
ozks             7500     0.186685604       10
ozks             8000     0.200125292       10
ozks             8500     0.214577750       10
ozks             9000     0.226658771       10
ozks             9500     0.239565979       10
ozks            10000     0.254628020       20
% ozks
\{(0,0.002370916) (10,0.003384876) (30,0.003869750) (50,0.004292750) (100,0.005302187) (150,0.006249437) (200,0.007235271) (250,0.008235249) (300,0.009264500) (350,0.010368104) (400,0.011534209) (450,0.012546522) (500,0.013611083) (550,0.014835563) (600,0.015916750) (650,0.016844375) (700,0.017651479) (750,0.018683063) (800,0.019898979) (850,0.020844292) (900,0.021614042) (950,0.022708437) (1000,0.023880208) (1500,0.034747563) (2000,0.045469042) (2500,0.057582792) (3000,0.070932271) (3500,0.083340687) (4000,0.095879667) (4500,0.109376146) (5000,0.121763917) (5500,0.135212666) (6000,0.148146896) (6500,0.160918521) (7000,0.174191062) (7500,0.186685604) (8000,0.200125292) (8500,0.214577750) (9000,0.226658771) (9500,0.239565979) (10000,0.254628020)}
------------------------------------------------
------------------------------------------------
--- Create Inclusion Proof ---------------------
Method      Dep Count     Median Time  Samples
------------------------------------------------
ozks                1     0.032468499       10
ozks               10     0.003727687       10
ozks               30     0.003444312       10
ozks               50     0.003508104       10
ozks              100     0.004457605       10
ozks              150     0.004241604       10
ozks              200     0.004035291       10
ozks              250     0.004761501       10
ozks              300     0.005454479       10
ozks              350     0.004833124       10
ozks              400     0.004527771       10
ozks              450     0.004620918       10
ozks              500     0.004100187       10
ozks              550     0.004981125       10
ozks              600     0.005063771       10
ozks              650     0.004019354       10
ozks              700     0.004353021       10
ozks              750     0.005733063       10
ozks              800     0.004141688       10
ozks              850     0.005173771       10
ozks              900     0.005461062       10
ozks              950     0.005424020       10
ozks             1000     0.005470938       10
ozks             1500     0.004985313       10
ozks             2000     0.005952166       10
ozks             2500     0.006494250       10
ozks             3000     0.005031542       10
ozks             3500     0.006890563       10
ozks             4000     0.005422709       10
ozks             4500     0.005986916       10
ozks             5000     0.005454146       10
ozks             5500     0.007389084       10
ozks             6000     0.005815062       10
ozks             6500     0.007319666       10
ozks             7000     0.008259771       10
ozks             7500     0.007092978       10
ozks             8000     0.006494667       10
ozks             8500     0.006228021       10
ozks             9000     0.006298876       10
ozks             9500     0.008885583       10
ozks            10000     0.031496520       20
% ozks
\{(1,0.032468499) (10,0.003727687) (30,0.003444312) (50,0.003508104) (100,0.004457605) (150,0.004241604) (200,0.004035291) (250,0.004761501) (300,0.005454479) (350,0.004833124) (400,0.004527771) (450,0.004620918) (500,0.004100187) (550,0.004981125) (600,0.005063771) (650,0.004019354) (700,0.004353021) (750,0.005733063) (800,0.004141688) (850,0.005173771) (900,0.005461062) (950,0.005424020) (1000,0.005470938) (1500,0.004985313) (2000,0.005952166) (2500,0.006494250) (3000,0.005031542) (3500,0.006890563) (4000,0.005422709) (4500,0.005986916) (5000,0.005454146) (5500,0.007389084) (6000,0.005815062) (6500,0.007319666) (7000,0.008259771) (7500,0.007092978) (8000,0.006494667) (8500,0.006228021) (9000,0.006298876) (9500,0.008885583) (10000,0.031496520)}
------------------------------------------------
------------------------------------------------
--- Create Non-Inclusion Proof -----------------
Method      Dep Count     Median Time  Samples
------------------------------------------------
ozks                1     0.003768709       10
ozks               10     0.004733083       10
ozks               30     0.005265271       10
ozks               50     0.005507083       10
ozks              100     0.005920958       10
ozks              150     0.006138292       10
ozks              200     0.006212542       10
ozks              250     0.006313437       10
ozks              300     0.006422063       10
ozks              350     0.006759396       10
ozks              400     0.006593438       10
ozks              450     0.006717520       10
ozks              500     0.006858520       10
ozks              550     0.006851687       10
ozks              600     0.006868917       10
ozks              650     0.006798688       10
ozks              700     0.006975792       10
ozks              750     0.007027688       10
ozks              800     0.007148959       10
ozks              850     0.006968146       10
ozks              900     0.007157896       10
ozks              950     0.007160291       10
ozks             1000     0.007225520       10
ozks             1500     0.007380500       10
ozks             2000     0.007487167       10
ozks             2500     0.007888833       10
ozks             3000     0.007944792       10
ozks             3500     0.008187000       10
ozks             4000     0.008343105       10
ozks             4500     0.008418021       10
ozks             5000     0.008576583       10
ozks             5500     0.008736480       10
ozks             6000     0.008677042       10
ozks             6500     0.008996291       10
ozks             7000     0.008994980       10
ozks             7500     0.009123188       10
ozks             8000     0.009226353       10
ozks             8500     0.009299479       10
ozks             9000     0.009297897       10
ozks             9500     0.009435395       10
ozks            10000     0.009433583       20
% ozks
\{(1,0.003768709) (10,0.004733083) (30,0.005265271) (50,0.005507083) (100,0.005920958) (150,0.006138292) (200,0.006212542) (250,0.006313437) (300,0.006422063) (350,0.006759396) (400,0.006593438) (450,0.006717520) (500,0.006858520) (550,0.006851687) (600,0.006868917) (650,0.006798688) (700,0.006975792) (750,0.007027688) (800,0.007148959) (850,0.006968146) (900,0.007157896) (950,0.007160291) (1000,0.007225520) (1500,0.007380500) (2000,0.007487167) (2500,0.007888833) (3000,0.007944792) (3500,0.008187000) (4000,0.008343105) (4500,0.008418021) (5000,0.008576583) (5500,0.008736480) (6000,0.008677042) (6500,0.008996291) (7000,0.008994980) (7500,0.009123188) (8000,0.009226353) (8500,0.009299479) (9000,0.009297897) (9500,0.009435395) (10000,0.009433583)}
------------------------------------------------
------------------------------------------------
--- Verify Inclsuion Proof ---------------------
Method      Dep Count     Median Time  Samples
------------------------------------------------
ozks                0     0.006580187       10
ozks               10     0.000147271       10
ozks               30     0.000144937       10
ozks               50     0.000144583       10
ozks              100     0.000150063       10
ozks              150     0.000152625       10
ozks              200     0.000152396       10
ozks              250     0.000150375       10
ozks              300     0.000152875       10
ozks              350     0.000150645       10
ozks              400     0.000151563       10
ozks              450     0.000153729       10
ozks              500     0.000152667       10
ozks              550     0.000153062       10
ozks              600     0.000152875       10
ozks              650     0.000152521       10
ozks              700     0.000154167       10
ozks              750     0.000154458       10
ozks              800     0.000151729       10
ozks              850     0.000153584       10
ozks              900     0.000155083       10
ozks              950     0.000151979       10
ozks             1000     0.000151895       10
ozks             1500     0.000155167       10
ozks             2000     0.000152583       10
ozks             2500     0.000154104       10
ozks             3000     0.000158041       10
ozks             3500     0.000156834       10
ozks             4000     0.000154104       10
ozks             4500     0.000153688       10
ozks             5000     0.000154437       10
ozks             5500     0.000154021       10
ozks             6000     0.000154146       10
ozks             6500     0.000156959       10
ozks             7000     0.000153750       10
ozks             7500     0.000155187       10
ozks             8000     0.000157583       10
ozks             8500     0.000156770       10
ozks             9000     0.000156770       10
ozks             9500     0.000157166       10
ozks            10000     0.000159334       10
% ozks
\{(0,0.006580187) (10,0.000147271) (30,0.000144937) (50,0.000144583) (100,0.000150063) (150,0.000152625) (200,0.000152396) (250,0.000150375) (300,0.000152875) (350,0.000150645) (400,0.000151563) (450,0.000153729) (500,0.000152667) (550,0.000153062) (600,0.000152875) (650,0.000152521) (700,0.000154167) (750,0.000154458) (800,0.000151729) (850,0.000153584) (900,0.000155083) (950,0.000151979) (1000,0.000151895) (1500,0.000155167) (2000,0.000152583) (2500,0.000154104) (3000,0.000158041) (3500,0.000156834) (4000,0.000154104) (4500,0.000153688) (5000,0.000154437) (5500,0.000154021) (6000,0.000154146) (6500,0.000156959) (7000,0.000153750) (7500,0.000155187) (8000,0.000157583) (8500,0.000156770) (9000,0.000156770) (9500,0.000157166) (10000,0.000159334)}
------------------------------------------------
------------------------------------------------
--- Verify Non-Inclsuion Proof -----------------
Method      Dep Count     Median Time  Samples
------------------------------------------------
ozks                0     0.000963917       10
ozks               10     0.001013708       10
ozks               30     0.001036875       10
ozks               50     0.001026145       10
ozks              100     0.001039334       10
ozks              150     0.001057562       10
ozks              200     0.001044021       10
ozks              250     0.001047771       10
ozks              300     0.001055354       10
ozks              350     0.001061146       10
ozks              400     0.001050959       10
ozks              450     0.001057438       10
ozks              500     0.001062375       10
ozks              550     0.001065521       10
ozks              600     0.001059938       10
ozks              650     0.001059021       10
ozks              700     0.001063167       10
ozks              750     0.001065334       10
ozks              800     0.001062396       10
ozks              850     0.001059105       10
ozks              900     0.001074584       10
ozks              950     0.001066313       10
ozks             1000     0.001081499       10
ozks             1500     0.001070730       10
ozks             2000     0.001073500       10
ozks             2500     0.001080542       10
ozks             3000     0.001080604       10
ozks             3500     0.001084895       10
ozks             4000     0.001086396       10
ozks             4500     0.001087230       10
ozks             5000     0.001089480       10
ozks             5500     0.001096667       10
ozks             6000     0.001087687       10
ozks             6500     0.001099500       10
ozks             7000     0.001094604       10
ozks             7500     0.001091334       10
ozks             8000     0.001098021       10
ozks             8500     0.001092187       10
ozks             9000     0.001096250       10
ozks             9500     0.001095729       10
ozks            10000     0.001093938       10
% ozks
\{(0,0.000963917) (10,0.001013708) (30,0.001036875) (50,0.001026145) (100,0.001039334) (150,0.001057562) (200,0.001044021) (250,0.001047771) (300,0.001055354) (350,0.001061146) (400,0.001050959) (450,0.001057438) (500,0.001062375) (550,0.001065521) (600,0.001059938) (650,0.001059021) (700,0.001063167) (750,0.001065334) (800,0.001062396) (850,0.001059105) (900,0.001074584) (950,0.001066313) (1000,0.001081499) (1500,0.001070730) (2000,0.001073500) (2500,0.001080542) (3000,0.001080604) (3500,0.001084895) (4000,0.001086396) (4500,0.001087230) (5000,0.001089480) (5500,0.001096667) (6000,0.001087687) (6500,0.001099500) (7000,0.001094604) (7500,0.001091334) (8000,0.001098021) (8500,0.001092187) (9000,0.001096250) (9500,0.001095729) (10000,0.001093938)}
------------------------------------------------
------------------------------------------------
--- DB Sizes------------------ -----------------
Method      Dep Count  Median Size (B)  Samples
--------------------------------------------------
ozks                0          57344.0       10
ozks               10          57344.0       10
ozks               30          69632.0       10
ozks               50          94208.0       10
ozks              100         131072.0       10
ozks              150         167936.0       10
ozks              200         200704.0       10
ozks              250         237568.0       10
ozks              300         274432.0       10
ozks              350         309248.0       10
ozks              400         344064.0       10
ozks              450         376832.0       10
ozks              500         415744.0       10
ozks              550         450560.0       10
ozks              600         487424.0       10
ozks              650         520192.0       10
ozks              700         552960.0       10
ozks              750         589824.0       10
ozks              800         618496.0       10
ozks              850         661504.0       10
ozks              900         696320.0       10
ozks              950         733184.0       10
ozks             1000         765952.0       10
ozks             1500        1118208.0       10
ozks             2000        1482752.0       10
ozks             2500        1826816.0       10
ozks             3000        2191360.0       10
ozks             3500        2545664.0       10
ozks             4000        2904064.0       10
ozks             4500        3256320.0       10
ozks             5000        3612672.0       10
ozks             5500        3975168.0       10
ozks             6000        4341760.0       10
ozks             6500        4694016.0       10
ozks             7000        5042176.0       10
ozks             7500        5408768.0       10
ozks             8000        5763072.0       10
ozks             8500        6125568.0       10
ozks             9000        6475776.0       10
ozks             9500        6832128.0       10
ozks            10000        7192576.0       10
% ozks
\{(0,57344) (10,57344) (30,69632) (50,94208) (100,131072) (150,167936) (200,200704) (250,237568) (300,274432) (350,309248) (400,344064) (450,376832) (500,415744) (550,450560) (600,487424) (650,520192) (700,552960) (750,589824) (800,618496) (850,661504) (900,696320) (950,733184) (1000,765952) (1500,1118208) (2000,1482752) (2500,1826816) (3000,2191360) (3500,2545664) (4000,2904064) (4500,3256320) (5000,3612672) (5500,3975168) (6000,4341760) (6500,4694016) (7000,5042176) (7500,5408768) (8000,5763072) (8500,6125568) (9000,6475776) (9500,6832128) (10000,7192576)}
------------------------------------------------
------------------------------------------------
--- Inclusion Proof Sizes ----------------------
Method      Dep Count  Median Size (B)  Samples
--------------------------------------------------
ozks               10           1472.0       10
ozks               30           1560.0       10
ozks               50           1736.0       10
ozks              100           1912.0       10
ozks              150           2176.0       10
ozks              200           2176.0       10
ozks              250           2176.0       10
ozks              300           2264.0       10
ozks              350           2176.0       10
ozks              400           2264.0       10
ozks              450           2352.0       10
ozks              500           2264.0       10
ozks              550           2528.0       10
ozks              600           2528.0       10
ozks              650           2528.0       10
ozks              700           2528.0       10
ozks              750           2616.0       10
ozks              800           2528.0       10
ozks              850           2528.0       10
ozks              900           2704.0       10
ozks              950           2528.0       10
ozks             1000           2616.0       10
ozks             1500           2704.0       10
ozks             2000           2704.0       10
ozks             2500           2880.0       10
ozks             3000           2880.0       10
ozks             3500           2880.0       10
ozks             4000           2880.0       10
ozks             4500           3056.0       10
ozks             5000           2968.0       10
ozks             5500           2880.0       10
ozks             6000           3056.0       10
ozks             6500           2880.0       10
ozks             7000           3056.0       10
ozks             7500           3056.0       10
ozks             8000           3144.0       10
ozks             8500           3056.0       10
ozks             9000           3056.0       10
ozks             9500           3056.0       10
ozks            10000           3232.0       10
% ozks
\{(10,1472) (30,1560) (50,1736) (100,1912) (150,2176) (200,2176) (250,2176) (300,2264) (350,2176) (400,2264) (450,2352) (500,2264) (550,2528) (600,2528) (650,2528) (700,2528) (750,2616) (800,2528) (850,2528) (900,2704) (950,2528) (1000,2616) (1500,2704) (2000,2704) (2500,2880) (3000,2880) (3500,2880) (4000,2880) (4500,3056) (5000,2968) (5500,2880) (6000,3056) (6500,2880) (7000,3056) (7500,3056) (8000,3144) (8500,3056) (9000,3056) (9500,3056) (10000,3232)}
------------------------------------------------
------------------------------------------------
--- Non-Inclusion Proof Sizes ------------------
Method      Dep Count  Median Size (B)  Samples
--------------------------------------------------
ozks                0           7617.0       10
ozks               10          13425.0       10
ozks               30          16329.0       10
ozks               50          17825.0       10
ozks              100          19761.0       10
ozks              150          20905.0       10
ozks              200          22049.0       10
ozks              250          22313.0       10
ozks              300          22665.0       10
ozks              350          23457.0       10
ozks              400          23633.0       10
ozks              450          24073.0       10
ozks              500          24689.0       10
ozks              550          24689.0       10
ozks              600          25041.0       10
ozks              650          25217.0       10
ozks              700          25129.0       10
ozks              750          26009.0       10
ozks              800          25833.0       10
ozks              850          25217.0       10
ozks              900          25833.0       10
ozks              950          26273.0       10
ozks             1000          26273.0       10
ozks             1500          27417.0       10
ozks             2000          28033.0       10
ozks             2500          28737.0       10
ozks             3000          29265.0       10
ozks             3500          29793.0       10
ozks             4000          30233.0       10
ozks             4500          30585.0       10
ozks             5000          30761.0       10
ozks             5500          30673.0       10
ozks             6000          31113.0       10
ozks             6500          31377.0       10
ozks             7000          31905.0       10
ozks             7500          31993.0       10
ozks             8000          31993.0       10
ozks             8500          32345.0       10
ozks             9000          32433.0       10
ozks             9500          32609.0       10
ozks            10000          32433.0       10
% ozks
\{(0,7617) (10,13425) (30,16329) (50,17825) (100,19761) (150,20905) (200,22049) (250,22313) (300,22665) (350,23457) (400,23633) (450,24073) (500,24689) (550,24689) (600,25041) (650,25217) (700,25129) (750,26009) (800,25833) (850,25217) (900,25833) (950,26273) (1000,26273) (1500,27417) (2000,28033) (2500,28737) (3000,29265) (3500,29793) (4000,30233) (4500,30585) (5000,30761) (5500,30673) (6000,31113) (6500,31377) (7000,31905) (7500,31993) (8000,31993) (8500,32345) (9000,32433) (9500,32609) (10000,32433)}
------------------------------------------------
------------------------------------------------
--- Create Commitment --------------------------
Method      Dep Count     Median Time  Samples
------------------------------------------------
ozks                0     0.002370916       10
ozks               10     0.003384876       10
ozks               30     0.003869750       10
ozks               50     0.004292750       10
ozks              100     0.005302187       10
ozks              150     0.006249437       10
ozks              200     0.007235271       10
ozks              250     0.008235249       10
ozks              300     0.009264500       10
ozks              350     0.010368104       10
ozks              400     0.011534209       10
ozks              450     0.012546522       10
ozks              500     0.013611083       10
ozks              550     0.014835563       10
ozks              600     0.015916750       10
ozks              650     0.016844375       10
ozks              700     0.017651479       10
ozks              750     0.018683063       10
ozks              800     0.019898979       10
ozks              850     0.020844292       10
ozks              900     0.021614042       10
ozks              950     0.022708437       10
ozks             1000     0.023880208       10
ozks             1500     0.034747563       10
ozks             2000     0.045469042       10
ozks             2500     0.057582792       10
ozks             3000     0.070932271       10
ozks             3500     0.083340687       10
ozks             4000     0.095879667       10
ozks             4500     0.109376146       10
ozks             5000     0.121763917       10
ozks             5500     0.135212666       10
ozks             6000     0.148146896       10
ozks             6500     0.160918521       10
ozks             7000     0.174191062       10
ozks             7500     0.186685604       10
ozks             8000     0.200125292       10
ozks             8500     0.214577750       10
ozks             9000     0.226658771       10
ozks             9500     0.239565979       10
ozks            10000     0.254628020       20
% ozks
\{(0,0.002370916) (10,0.003384876) (30,0.003869750) (50,0.004292750) (100,0.005302187) (150,0.006249437) (200,0.007235271) (250,0.008235249) (300,0.009264500) (350,0.010368104) (400,0.011534209) (450,0.012546522) (500,0.013611083) (550,0.014835563) (600,0.015916750) (650,0.016844375) (700,0.017651479) (750,0.018683063) (800,0.019898979) (850,0.020844292) (900,0.021614042) (950,0.022708437) (1000,0.023880208) (1500,0.034747563) (2000,0.045469042) (2500,0.057582792) (3000,0.070932271) (3500,0.083340687) (4000,0.095879667) (4500,0.109376146) (5000,0.121763917) (5500,0.135212666) (6000,0.148146896) (6500,0.160918521) (7000,0.174191062) (7500,0.186685604) (8000,0.200125292) (8500,0.214577750) (9000,0.226658771) (9500,0.239565979) (10000,0.254628020)}
------------------------------------------------
------------------------------------------------
--- Create Inclusion Proof ---------------------
Method      Dep Count     Median Time  Samples
------------------------------------------------
ozks                1     0.032468499       10
ozks               10     0.003727687       10
ozks               30     0.003444312       10
ozks               50     0.003508104       10
ozks              100     0.004457605       10
ozks              150     0.004241604       10
ozks              200     0.004035291       10
ozks              250     0.004761501       10
ozks              300     0.005454479       10
ozks              350     0.004833124       10
ozks              400     0.004527771       10
ozks              450     0.004620918       10
ozks              500     0.004100187       10
ozks              550     0.004981125       10
ozks              600     0.005063771       10
ozks              650     0.004019354       10
ozks              700     0.004353021       10
ozks              750     0.005733063       10
ozks              800     0.004141688       10
ozks              850     0.005173771       10
ozks              900     0.005461062       10
ozks              950     0.005424020       10
ozks             1000     0.005470938       10
ozks             1500     0.004985313       10
ozks             2000     0.005952166       10
ozks             2500     0.006494250       10
ozks             3000     0.005031542       10
ozks             3500     0.006890563       10
ozks             4000     0.005422709       10
ozks             4500     0.005986916       10
ozks             5000     0.005454146       10
ozks             5500     0.007389084       10
ozks             6000     0.005815062       10
ozks             6500     0.007319666       10
ozks             7000     0.008259771       10
ozks             7500     0.007092978       10
ozks             8000     0.006494667       10
ozks             8500     0.006228021       10
ozks             9000     0.006298876       10
ozks             9500     0.008885583       10
ozks            10000     0.031496520       20
% ozks
\{(1,0.032468499) (10,0.003727687) (30,0.003444312) (50,0.003508104) (100,0.004457605) (150,0.004241604) (200,0.004035291) (250,0.004761501) (300,0.005454479) (350,0.004833124) (400,0.004527771) (450,0.004620918) (500,0.004100187) (550,0.004981125) (600,0.005063771) (650,0.004019354) (700,0.004353021) (750,0.005733063) (800,0.004141688) (850,0.005173771) (900,0.005461062) (950,0.005424020) (1000,0.005470938) (1500,0.004985313) (2000,0.005952166) (2500,0.006494250) (3000,0.005031542) (3500,0.006890563) (4000,0.005422709) (4500,0.005986916) (5000,0.005454146) (5500,0.007389084) (6000,0.005815062) (6500,0.007319666) (7000,0.008259771) (7500,0.007092978) (8000,0.006494667) (8500,0.006228021) (9000,0.006298876) (9500,0.008885583) (10000,0.031496520)}
------------------------------------------------
------------------------------------------------
--- Create Non-Inclusion Proof -----------------
Method      Dep Count     Median Time  Samples
------------------------------------------------
ozks                1     0.003768709       10
ozks               10     0.004733083       10
ozks               30     0.005265271       10
ozks               50     0.005507083       10
ozks              100     0.005920958       10
ozks              150     0.006138292       10
ozks              200     0.006212542       10
ozks              250     0.006313437       10
ozks              300     0.006422063       10
ozks              350     0.006759396       10
ozks              400     0.006593438       10
ozks              450     0.006717520       10
ozks              500     0.006858520       10
ozks              550     0.006851687       10
ozks              600     0.006868917       10
ozks              650     0.006798688       10
ozks              700     0.006975792       10
ozks              750     0.007027688       10
ozks              800     0.007148959       10
ozks              850     0.006968146       10
ozks              900     0.007157896       10
ozks              950     0.007160291       10
ozks             1000     0.007225520       10
ozks             1500     0.007380500       10
ozks             2000     0.007487167       10
ozks             2500     0.007888833       10
ozks             3000     0.007944792       10
ozks             3500     0.008187000       10
ozks             4000     0.008343105       10
ozks             4500     0.008418021       10
ozks             5000     0.008576583       10
ozks             5500     0.008736480       10
ozks             6000     0.008677042       10
ozks             6500     0.008996291       10
ozks             7000     0.008994980       10
ozks             7500     0.009123188       10
ozks             8000     0.009226353       10
ozks             8500     0.009299479       10
ozks             9000     0.009297897       10
ozks             9500     0.009435395       10
ozks            10000     0.009433583       20
% ozks
\{(1,0.003768709) (10,0.004733083) (30,0.005265271) (50,0.005507083) (100,0.005920958) (150,0.006138292) (200,0.006212542) (250,0.006313437) (300,0.006422063) (350,0.006759396) (400,0.006593438) (450,0.006717520) (500,0.006858520) (550,0.006851687) (600,0.006868917) (650,0.006798688) (700,0.006975792) (750,0.007027688) (800,0.007148959) (850,0.006968146) (900,0.007157896) (950,0.007160291) (1000,0.007225520) (1500,0.007380500) (2000,0.007487167) (2500,0.007888833) (3000,0.007944792) (3500,0.008187000) (4000,0.008343105) (4500,0.008418021) (5000,0.008576583) (5500,0.008736480) (6000,0.008677042) (6500,0.008996291) (7000,0.008994980) (7500,0.009123188) (8000,0.009226353) (8500,0.009299479) (9000,0.009297897) (9500,0.009435395) (10000,0.009433583)}
------------------------------------------------
------------------------------------------------
--- Verify Inclsuion Proof ---------------------
Method      Dep Count     Median Time  Samples
------------------------------------------------
ozks                0     0.006580187       10
ozks               10     0.000147271       10
ozks               30     0.000144937       10
ozks               50     0.000144583       10
ozks              100     0.000150063       10
ozks              150     0.000152625       10
ozks              200     0.000152396       10
ozks              250     0.000150375       10
ozks              300     0.000152875       10
ozks              350     0.000150645       10
ozks              400     0.000151563       10
ozks              450     0.000153729       10
ozks              500     0.000152667       10
ozks              550     0.000153062       10
ozks              600     0.000152875       10
ozks              650     0.000152521       10
ozks              700     0.000154167       10
ozks              750     0.000154458       10
ozks              800     0.000151729       10
ozks              850     0.000153584       10
ozks              900     0.000155083       10
ozks              950     0.000151979       10
ozks             1000     0.000151895       10
ozks             1500     0.000155167       10
ozks             2000     0.000152583       10
ozks             2500     0.000154104       10
ozks             3000     0.000158041       10
ozks             3500     0.000156834       10
ozks             4000     0.000154104       10
ozks             4500     0.000153688       10
ozks             5000     0.000154437       10
ozks             5500     0.000154021       10
ozks             6000     0.000154146       10
ozks             6500     0.000156959       10
ozks             7000     0.000153750       10
ozks             7500     0.000155187       10
ozks             8000     0.000157583       10
ozks             8500     0.000156770       10
ozks             9000     0.000156770       10
ozks             9500     0.000157166       10
ozks            10000     0.000159334       10
% ozks
\{(0,0.006580187) (10,0.000147271) (30,0.000144937) (50,0.000144583) (100,0.000150063) (150,0.000152625) (200,0.000152396) (250,0.000150375) (300,0.000152875) (350,0.000150645) (400,0.000151563) (450,0.000153729) (500,0.000152667) (550,0.000153062) (600,0.000152875) (650,0.000152521) (700,0.000154167) (750,0.000154458) (800,0.000151729) (850,0.000153584) (900,0.000155083) (950,0.000151979) (1000,0.000151895) (1500,0.000155167) (2000,0.000152583) (2500,0.000154104) (3000,0.000158041) (3500,0.000156834) (4000,0.000154104) (4500,0.000153688) (5000,0.000154437) (5500,0.000154021) (6000,0.000154146) (6500,0.000156959) (7000,0.000153750) (7500,0.000155187) (8000,0.000157583) (8500,0.000156770) (9000,0.000156770) (9500,0.000157166) (10000,0.000159334)}
------------------------------------------------
------------------------------------------------
--- Verify Non-Inclsuion Proof -----------------
Method      Dep Count     Median Time  Samples
------------------------------------------------
ozks                0     0.000963917       10
ozks               10     0.001013708       10
ozks               30     0.001036875       10
ozks               50     0.001026145       10
ozks              100     0.001039334       10
ozks              150     0.001057562       10
ozks              200     0.001044021       10
ozks              250     0.001047771       10
ozks              300     0.001055354       10
ozks              350     0.001061146       10
ozks              400     0.001050959       10
ozks              450     0.001057438       10
ozks              500     0.001062375       10
ozks              550     0.001065521       10
ozks              600     0.001059938       10
ozks              650     0.001059021       10
ozks              700     0.001063167       10
ozks              750     0.001065334       10
ozks              800     0.001062396       10
ozks              850     0.001059105       10
ozks              900     0.001074584       10
ozks              950     0.001066313       10
ozks             1000     0.001081499       10
ozks             1500     0.001070730       10
ozks             2000     0.001073500       10
ozks             2500     0.001080542       10
ozks             3000     0.001080604       10
ozks             3500     0.001084895       10
ozks             4000     0.001086396       10
ozks             4500     0.001087230       10
ozks             5000     0.001089480       10
ozks             5500     0.001096667       10
ozks             6000     0.001087687       10
ozks             6500     0.001099500       10
ozks             7000     0.001094604       10
ozks             7500     0.001091334       10
ozks             8000     0.001098021       10
ozks             8500     0.001092187       10
ozks             9000     0.001096250       10
ozks             9500     0.001095729       10
ozks            10000     0.001093938       10
% ozks
\{(0,0.000963917) (10,0.001013708) (30,0.001036875) (50,0.001026145) (100,0.001039334) (150,0.001057562) (200,0.001044021) (250,0.001047771) (300,0.001055354) (350,0.001061146) (400,0.001050959) (450,0.001057438) (500,0.001062375) (550,0.001065521) (600,0.001059938) (650,0.001059021) (700,0.001063167) (750,0.001065334) (800,0.001062396) (850,0.001059105) (900,0.001074584) (950,0.001066313) (1000,0.001081499) (1500,0.001070730) (2000,0.001073500) (2500,0.001080542) (3000,0.001080604) (3500,0.001084895) (4000,0.001086396) (4500,0.001087230) (5000,0.001089480) (5500,0.001096667) (6000,0.001087687) (6500,0.001099500) (7000,0.001094604) (7500,0.001091334) (8000,0.001098021) (8500,0.001092187) (9000,0.001096250) (9500,0.001095729) (10000,0.001093938)}
------------------------------------------------
------------------------------------------------
--- DB Sizes------------------ -----------------
Method      Dep Count  Median Size (B)  Samples
--------------------------------------------------
ozks                0          57344.0       10
ozks               10          57344.0       10
ozks               30          69632.0       10
ozks               50          94208.0       10
ozks              100         131072.0       10
ozks              150         167936.0       10
ozks              200         200704.0       10
ozks              250         237568.0       10
ozks              300         274432.0       10
ozks              350         309248.0       10
ozks              400         344064.0       10
ozks              450         376832.0       10
ozks              500         415744.0       10
ozks              550         450560.0       10
ozks              600         487424.0       10
ozks              650         520192.0       10
ozks              700         552960.0       10
ozks              750         589824.0       10
ozks              800         618496.0       10
ozks              850         661504.0       10
ozks              900         696320.0       10
ozks              950         733184.0       10
ozks             1000         765952.0       10
ozks             1500        1118208.0       10
ozks             2000        1482752.0       10
ozks             2500        1826816.0       10
ozks             3000        2191360.0       10
ozks             3500        2545664.0       10
ozks             4000        2904064.0       10
ozks             4500        3256320.0       10
ozks             5000        3612672.0       10
ozks             5500        3975168.0       10
ozks             6000        4341760.0       10
ozks             6500        4694016.0       10
ozks             7000        5042176.0       10
ozks             7500        5408768.0       10
ozks             8000        5763072.0       10
ozks             8500        6125568.0       10
ozks             9000        6475776.0       10
ozks             9500        6832128.0       10
ozks            10000        7192576.0       10
% ozks
\{(0,57344) (10,57344) (30,69632) (50,94208) (100,131072) (150,167936) (200,200704) (250,237568) (300,274432) (350,309248) (400,344064) (450,376832) (500,415744) (550,450560) (600,487424) (650,520192) (700,552960) (750,589824) (800,618496) (850,661504) (900,696320) (950,733184) (1000,765952) (1500,1118208) (2000,1482752) (2500,1826816) (3000,2191360) (3500,2545664) (4000,2904064) (4500,3256320) (5000,3612672) (5500,3975168) (6000,4341760) (6500,4694016) (7000,5042176) (7500,5408768) (8000,5763072) (8500,6125568) (9000,6475776) (9500,6832128) (10000,7192576)}
------------------------------------------------
------------------------------------------------
--- Inclusion Proof Sizes ----------------------
Method      Dep Count  Median Size (B)  Samples
--------------------------------------------------
ozks               10           1472.0       10
ozks               30           1560.0       10
ozks               50           1736.0       10
ozks              100           1912.0       10
ozks              150           2176.0       10
ozks              200           2176.0       10
ozks              250           2176.0       10
ozks              300           2264.0       10
ozks              350           2176.0       10
ozks              400           2264.0       10
ozks              450           2352.0       10
ozks              500           2264.0       10
ozks              550           2528.0       10
ozks              600           2528.0       10
ozks              650           2528.0       10
ozks              700           2528.0       10
ozks              750           2616.0       10
ozks              800           2528.0       10
ozks              850           2528.0       10
ozks              900           2704.0       10
ozks              950           2528.0       10
ozks             1000           2616.0       10
ozks             1500           2704.0       10
ozks             2000           2704.0       10
ozks             2500           2880.0       10
ozks             3000           2880.0       10
ozks             3500           2880.0       10
ozks             4000           2880.0       10
ozks             4500           3056.0       10
ozks             5000           2968.0       10
ozks             5500           2880.0       10
ozks             6000           3056.0       10
ozks             6500           2880.0       10
ozks             7000           3056.0       10
ozks             7500           3056.0       10
ozks             8000           3144.0       10
ozks             8500           3056.0       10
ozks             9000           3056.0       10
ozks             9500           3056.0       10
ozks            10000           3232.0       10
% ozks
\{(10,1472) (30,1560) (50,1736) (100,1912) (150,2176) (200,2176) (250,2176) (300,2264) (350,2176) (400,2264) (450,2352) (500,2264) (550,2528) (600,2528) (650,2528) (700,2528) (750,2616) (800,2528) (850,2528) (900,2704) (950,2528) (1000,2616) (1500,2704) (2000,2704) (2500,2880) (3000,2880) (3500,2880) (4000,2880) (4500,3056) (5000,2968) (5500,2880) (6000,3056) (6500,2880) (7000,3056) (7500,3056) (8000,3144) (8500,3056) (9000,3056) (9500,3056) (10000,3232)}
------------------------------------------------
------------------------------------------------
--- Non-Inclusion Proof Sizes ------------------
Method      Dep Count  Median Size (B)  Samples
--------------------------------------------------
ozks                0           7617.0       10
ozks               10          13425.0       10
ozks               30          16329.0       10
ozks               50          17825.0       10
ozks              100          19761.0       10
ozks              150          20905.0       10
ozks              200          22049.0       10
ozks              250          22313.0       10
ozks              300          22665.0       10
ozks              350          23457.0       10
ozks              400          23633.0       10
ozks              450          24073.0       10
ozks              500          24689.0       10
ozks              550          24689.0       10
ozks              600          25041.0       10
ozks              650          25217.0       10
ozks              700          25129.0       10
ozks              750          26009.0       10
ozks              800          25833.0       10
ozks              850          25217.0       10
ozks              900          25833.0       10
ozks              950          26273.0       10
ozks             1000          26273.0       10
ozks             1500          27417.0       10
ozks             2000          28033.0       10
ozks             2500          28737.0       10
ozks             3000          29265.0       10
ozks             3500          29793.0       10
ozks             4000          30233.0       10
ozks             4500          30585.0       10
ozks             5000          30761.0       10
ozks             5500          30673.0       10
ozks             6000          31113.0       10
ozks             6500          31377.0       10
ozks             7000          31905.0       10
ozks             7500          31993.0       10
ozks             8000          31993.0       10
ozks             8500          32345.0       10
ozks             9000          32433.0       10
ozks             9500          32609.0       10
ozks            10000          32433.0       10
% ozks
\{(0,7617) (10,13425) (30,16329) (50,17825) (100,19761) (150,20905) (200,22049) (250,22313) (300,22665) (350,23457) (400,23633) (450,24073) (500,24689) (550,24689) (600,25041) (650,25217) (700,25129) (750,26009) (800,25833) (850,25217) (900,25833) (950,26273) (1000,26273) (1500,27417) (2000,28033) (2500,28737) (3000,29265) (3500,29793) (4000,30233) (4500,30585) (5000,30761) (5500,30673) (6000,31113) (6500,31377) (7000,31905) (7500,31993) (8000,31993) (8500,32345) (9000,32433) (9500,32609) (10000,32433)}
------------------------------------------------
------------------------------------------------
--- Create Commitment --------------------------
Method      Dep Count     Median Time  Samples
------------------------------------------------
ozks                0     0.002370916       10
ozks               10     0.003384876       10
ozks               30     0.003869750       10
ozks               50     0.004292750       10
ozks              100     0.005302187       10
ozks              150     0.006249437       10
ozks              200     0.007235271       10
ozks              250     0.008235249       10
ozks              300     0.009264500       10
ozks              350     0.010368104       10
ozks              400     0.011534209       10
ozks              450     0.012546522       10
ozks              500     0.013611083       10
ozks              550     0.014835563       10
ozks              600     0.015916750       10
ozks              650     0.016844375       10
ozks              700     0.017651479       10
ozks              750     0.018683063       10
ozks              800     0.019898979       10
ozks              850     0.020844292       10
ozks              900     0.021614042       10
ozks              950     0.022708437       10
ozks             1000     0.023880208       10
ozks             1500     0.034747563       10
ozks             2000     0.045469042       10
ozks             2500     0.057582792       10
ozks             3000     0.070932271       10
ozks             3500     0.083340687       10
ozks             4000     0.095879667       10
ozks             4500     0.109376146       10
ozks             5000     0.121763917       10
ozks             5500     0.135212666       10
ozks             6000     0.148146896       10
ozks             6500     0.160918521       10
ozks             7000     0.174191062       10
ozks             7500     0.186685604       10
ozks             8000     0.200125292       10
ozks             8500     0.214577750       10
ozks             9000     0.226658771       10
ozks             9500     0.239565979       10
ozks            10000     0.254628020       20
% ozks
\{(0,0.002370916) (10,0.003384876) (30,0.003869750) (50,0.004292750) (100,0.005302187) (150,0.006249437) (200,0.007235271) (250,0.008235249) (300,0.009264500) (350,0.010368104) (400,0.011534209) (450,0.012546522) (500,0.013611083) (550,0.014835563) (600,0.015916750) (650,0.016844375) (700,0.017651479) (750,0.018683063) (800,0.019898979) (850,0.020844292) (900,0.021614042) (950,0.022708437) (1000,0.023880208) (1500,0.034747563) (2000,0.045469042) (2500,0.057582792) (3000,0.070932271) (3500,0.083340687) (4000,0.095879667) (4500,0.109376146) (5000,0.121763917) (5500,0.135212666) (6000,0.148146896) (6500,0.160918521) (7000,0.174191062) (7500,0.186685604) (8000,0.200125292) (8500,0.214577750) (9000,0.226658771) (9500,0.239565979) (10000,0.254628020)}
------------------------------------------------
------------------------------------------------
--- Create Inclusion Proof ---------------------
Method      Dep Count     Median Time  Samples
------------------------------------------------
ozks                1     0.032468499       10
ozks               10     0.003727687       10
ozks               30     0.003444312       10
ozks               50     0.003508104       10
ozks              100     0.004457605       10
ozks              150     0.004241604       10
ozks              200     0.004035291       10
ozks              250     0.004761501       10
ozks              300     0.005454479       10
ozks              350     0.004833124       10
ozks              400     0.004527771       10
ozks              450     0.004620918       10
ozks              500     0.004100187       10
ozks              550     0.004981125       10
ozks              600     0.005063771       10
ozks              650     0.004019354       10
ozks              700     0.004353021       10
ozks              750     0.005733063       10
ozks              800     0.004141688       10
ozks              850     0.005173771       10
ozks              900     0.005461062       10
ozks              950     0.005424020       10
ozks             1000     0.005470938       10
ozks             1500     0.004985313       10
ozks             2000     0.005952166       10
ozks             2500     0.006494250       10
ozks             3000     0.005031542       10
ozks             3500     0.006890563       10
ozks             4000     0.005422709       10
ozks             4500     0.005986916       10
ozks             5000     0.005454146       10
ozks             5500     0.007389084       10
ozks             6000     0.005815062       10
ozks             6500     0.007319666       10
ozks             7000     0.008259771       10
ozks             7500     0.007092978       10
ozks             8000     0.006494667       10
ozks             8500     0.006228021       10
ozks             9000     0.006298876       10
ozks             9500     0.008885583       10
ozks            10000     0.031496520       20
% ozks
\{(1,0.032468499) (10,0.003727687) (30,0.003444312) (50,0.003508104) (100,0.004457605) (150,0.004241604) (200,0.004035291) (250,0.004761501) (300,0.005454479) (350,0.004833124) (400,0.004527771) (450,0.004620918) (500,0.004100187) (550,0.004981125) (600,0.005063771) (650,0.004019354) (700,0.004353021) (750,0.005733063) (800,0.004141688) (850,0.005173771) (900,0.005461062) (950,0.005424020) (1000,0.005470938) (1500,0.004985313) (2000,0.005952166) (2500,0.006494250) (3000,0.005031542) (3500,0.006890563) (4000,0.005422709) (4500,0.005986916) (5000,0.005454146) (5500,0.007389084) (6000,0.005815062) (6500,0.007319666) (7000,0.008259771) (7500,0.007092978) (8000,0.006494667) (8500,0.006228021) (9000,0.006298876) (9500,0.008885583) (10000,0.031496520)}
------------------------------------------------
------------------------------------------------
--- Create Non-Inclusion Proof -----------------
Method      Dep Count     Median Time  Samples
------------------------------------------------
ozks                1     0.003768709       10
ozks               10     0.004733083       10
ozks               30     0.005265271       10
ozks               50     0.005507083       10
ozks              100     0.005920958       10
ozks              150     0.006138292       10
ozks              200     0.006212542       10
ozks              250     0.006313437       10
ozks              300     0.006422063       10
ozks              350     0.006759396       10
ozks              400     0.006593438       10
ozks              450     0.006717520       10
ozks              500     0.006858520       10
ozks              550     0.006851687       10
ozks              600     0.006868917       10
ozks              650     0.006798688       10
ozks              700     0.006975792       10
ozks              750     0.007027688       10
ozks              800     0.007148959       10
ozks              850     0.006968146       10
ozks              900     0.007157896       10
ozks              950     0.007160291       10
ozks             1000     0.007225520       10
ozks             1500     0.007380500       10
ozks             2000     0.007487167       10
ozks             2500     0.007888833       10
ozks             3000     0.007944792       10
ozks             3500     0.008187000       10
ozks             4000     0.008343105       10
ozks             4500     0.008418021       10
ozks             5000     0.008576583       10
ozks             5500     0.008736480       10
ozks             6000     0.008677042       10
ozks             6500     0.008996291       10
ozks             7000     0.008994980       10
ozks             7500     0.009123188       10
ozks             8000     0.009226353       10
ozks             8500     0.009299479       10
ozks             9000     0.009297897       10
ozks             9500     0.009435395       10
ozks            10000     0.009433583       20
% ozks
\{(1,0.003768709) (10,0.004733083) (30,0.005265271) (50,0.005507083) (100,0.005920958) (150,0.006138292) (200,0.006212542) (250,0.006313437) (300,0.006422063) (350,0.006759396) (400,0.006593438) (450,0.006717520) (500,0.006858520) (550,0.006851687) (600,0.006868917) (650,0.006798688) (700,0.006975792) (750,0.007027688) (800,0.007148959) (850,0.006968146) (900,0.007157896) (950,0.007160291) (1000,0.007225520) (1500,0.007380500) (2000,0.007487167) (2500,0.007888833) (3000,0.007944792) (3500,0.008187000) (4000,0.008343105) (4500,0.008418021) (5000,0.008576583) (5500,0.008736480) (6000,0.008677042) (6500,0.008996291) (7000,0.008994980) (7500,0.009123188) (8000,0.009226353) (8500,0.009299479) (9000,0.009297897) (9500,0.009435395) (10000,0.009433583)}
------------------------------------------------
------------------------------------------------
--- Verify Inclsuion Proof ---------------------
Method      Dep Count     Median Time  Samples
------------------------------------------------
ozks                0     0.006580187       10
ozks               10     0.000147271       10
ozks               30     0.000144937       10
ozks               50     0.000144583       10
ozks              100     0.000150063       10
ozks              150     0.000152625       10
ozks              200     0.000152396       10
ozks              250     0.000150375       10
ozks              300     0.000152875       10
ozks              350     0.000150645       10
ozks              400     0.000151563       10
ozks              450     0.000153729       10
ozks              500     0.000152667       10
ozks              550     0.000153062       10
ozks              600     0.000152875       10
ozks              650     0.000152521       10
ozks              700     0.000154167       10
ozks              750     0.000154458       10
ozks              800     0.000151729       10
ozks              850     0.000153584       10
ozks              900     0.000155083       10
ozks              950     0.000151979       10
ozks             1000     0.000151895       10
ozks             1500     0.000155167       10
ozks             2000     0.000152583       10
ozks             2500     0.000154104       10
ozks             3000     0.000158041       10
ozks             3500     0.000156834       10
ozks             4000     0.000154104       10
ozks             4500     0.000153688       10
ozks             5000     0.000154437       10
ozks             5500     0.000154021       10
ozks             6000     0.000154146       10
ozks             6500     0.000156959       10
ozks             7000     0.000153750       10
ozks             7500     0.000155187       10
ozks             8000     0.000157583       10
ozks             8500     0.000156770       10
ozks             9000     0.000156770       10
ozks             9500     0.000157166       10
ozks            10000     0.000159334       10
% ozks
\{(0,0.006580187) (10,0.000147271) (30,0.000144937) (50,0.000144583) (100,0.000150063) (150,0.000152625) (200,0.000152396) (250,0.000150375) (300,0.000152875) (350,0.000150645) (400,0.000151563) (450,0.000153729) (500,0.000152667) (550,0.000153062) (600,0.000152875) (650,0.000152521) (700,0.000154167) (750,0.000154458) (800,0.000151729) (850,0.000153584) (900,0.000155083) (950,0.000151979) (1000,0.000151895) (1500,0.000155167) (2000,0.000152583) (2500,0.000154104) (3000,0.000158041) (3500,0.000156834) (4000,0.000154104) (4500,0.000153688) (5000,0.000154437) (5500,0.000154021) (6000,0.000154146) (6500,0.000156959) (7000,0.000153750) (7500,0.000155187) (8000,0.000157583) (8500,0.000156770) (9000,0.000156770) (9500,0.000157166) (10000,0.000159334)}
------------------------------------------------
------------------------------------------------
--- Verify Non-Inclsuion Proof -----------------
Method      Dep Count     Median Time  Samples
------------------------------------------------
ozks                0     0.000963917       10
ozks               10     0.001013708       10
ozks               30     0.001036875       10
ozks               50     0.001026145       10
ozks              100     0.001039334       10
ozks              150     0.001057562       10
ozks              200     0.001044021       10
ozks              250     0.001047771       10
ozks              300     0.001055354       10
ozks              350     0.001061146       10
ozks              400     0.001050959       10
ozks              450     0.001057438       10
ozks              500     0.001062375       10
ozks              550     0.001065521       10
ozks              600     0.001059938       10
ozks              650     0.001059021       10
ozks              700     0.001063167       10
ozks              750     0.001065334       10
ozks              800     0.001062396       10
ozks              850     0.001059105       10
ozks              900     0.001074584       10
ozks              950     0.001066313       10
ozks             1000     0.001081499       10
ozks             1500     0.001070730       10
ozks             2000     0.001073500       10
ozks             2500     0.001080542       10
ozks             3000     0.001080604       10
ozks             3500     0.001084895       10
ozks             4000     0.001086396       10
ozks             4500     0.001087230       10
ozks             5000     0.001089480       10
ozks             5500     0.001096667       10
ozks             6000     0.001087687       10
ozks             6500     0.001099500       10
ozks             7000     0.001094604       10
ozks             7500     0.001091334       10
ozks             8000     0.001098021       10
ozks             8500     0.001092187       10
ozks             9000     0.001096250       10
ozks             9500     0.001095729       10
ozks            10000     0.001093938       10
% ozks
\{(0,0.000963917) (10,0.001013708) (30,0.001036875) (50,0.001026145) (100,0.001039334) (150,0.001057562) (200,0.001044021) (250,0.001047771) (300,0.001055354) (350,0.001061146) (400,0.001050959) (450,0.001057438) (500,0.001062375) (550,0.001065521) (600,0.001059938) (650,0.001059021) (700,0.001063167) (750,0.001065334) (800,0.001062396) (850,0.001059105) (900,0.001074584) (950,0.001066313) (1000,0.001081499) (1500,0.001070730) (2000,0.001073500) (2500,0.001080542) (3000,0.001080604) (3500,0.001084895) (4000,0.001086396) (4500,0.001087230) (5000,0.001089480) (5500,0.001096667) (6000,0.001087687) (6500,0.001099500) (7000,0.001094604) (7500,0.001091334) (8000,0.001098021) (8500,0.001092187) (9000,0.001096250) (9500,0.001095729) (10000,0.001093938)}
------------------------------------------------
------------------------------------------------
--- DB Sizes------------------ -----------------
Method      Dep Count  Median Size (B)  Samples
--------------------------------------------------
ozks                0          57344.0       10
ozks               10          57344.0       10
ozks               30          69632.0       10
ozks               50          94208.0       10
ozks              100         131072.0       10
ozks              150         167936.0       10
ozks              200         200704.0       10
ozks              250         237568.0       10
ozks              300         274432.0       10
ozks              350         309248.0       10
ozks              400         344064.0       10
ozks              450         376832.0       10
ozks              500         415744.0       10
ozks              550         450560.0       10
ozks              600         487424.0       10
ozks              650         520192.0       10
ozks              700         552960.0       10
ozks              750         589824.0       10
ozks              800         618496.0       10
ozks              850         661504.0       10
ozks              900         696320.0       10
ozks              950         733184.0       10
ozks             1000         765952.0       10
ozks             1500        1118208.0       10
ozks             2000        1482752.0       10
ozks             2500        1826816.0       10
ozks             3000        2191360.0       10
ozks             3500        2545664.0       10
ozks             4000        2904064.0       10
ozks             4500        3256320.0       10
ozks             5000        3612672.0       10
ozks             5500        3975168.0       10
ozks             6000        4341760.0       10
ozks             6500        4694016.0       10
ozks             7000        5042176.0       10
ozks             7500        5408768.0       10
ozks             8000        5763072.0       10
ozks             8500        6125568.0       10
ozks             9000        6475776.0       10
ozks             9500        6832128.0       10
ozks            10000        7192576.0       10
% ozks
\{(0,57344) (10,57344) (30,69632) (50,94208) (100,131072) (150,167936) (200,200704) (250,237568) (300,274432) (350,309248) (400,344064) (450,376832) (500,415744) (550,450560) (600,487424) (650,520192) (700,552960) (750,589824) (800,618496) (850,661504) (900,696320) (950,733184) (1000,765952) (1500,1118208) (2000,1482752) (2500,1826816) (3000,2191360) (3500,2545664) (4000,2904064) (4500,3256320) (5000,3612672) (5500,3975168) (6000,4341760) (6500,4694016) (7000,5042176) (7500,5408768) (8000,5763072) (8500,6125568) (9000,6475776) (9500,6832128) (10000,7192576)}
------------------------------------------------
------------------------------------------------
--- Inclusion Proof Sizes ----------------------
Method      Dep Count  Median Size (B)  Samples
--------------------------------------------------
ozks               10           1472.0       10
ozks               30           1560.0       10
ozks               50           1736.0       10
ozks              100           1912.0       10
ozks              150           2176.0       10
ozks              200           2176.0       10
ozks              250           2176.0       10
ozks              300           2264.0       10
ozks              350           2176.0       10
ozks              400           2264.0       10
ozks              450           2352.0       10
ozks              500           2264.0       10
ozks              550           2528.0       10
ozks              600           2528.0       10
ozks              650           2528.0       10
ozks              700           2528.0       10
ozks              750           2616.0       10
ozks              800           2528.0       10
ozks              850           2528.0       10
ozks              900           2704.0       10
ozks              950           2528.0       10
ozks             1000           2616.0       10
ozks             1500           2704.0       10
ozks             2000           2704.0       10
ozks             2500           2880.0       10
ozks             3000           2880.0       10
ozks             3500           2880.0       10
ozks             4000           2880.0       10
ozks             4500           3056.0       10
ozks             5000           2968.0       10
ozks             5500           2880.0       10
ozks             6000           3056.0       10
ozks             6500           2880.0       10
ozks             7000           3056.0       10
ozks             7500           3056.0       10
ozks             8000           3144.0       10
ozks             8500           3056.0       10
ozks             9000           3056.0       10
ozks             9500           3056.0       10
ozks            10000           3232.0       10
% ozks
\{(10,1472) (30,1560) (50,1736) (100,1912) (150,2176) (200,2176) (250,2176) (300,2264) (350,2176) (400,2264) (450,2352) (500,2264) (550,2528) (600,2528) (650,2528) (700,2528) (750,2616) (800,2528) (850,2528) (900,2704) (950,2528) (1000,2616) (1500,2704) (2000,2704) (2500,2880) (3000,2880) (3500,2880) (4000,2880) (4500,3056) (5000,2968) (5500,2880) (6000,3056) (6500,2880) (7000,3056) (7500,3056) (8000,3144) (8500,3056) (9000,3056) (9500,3056) (10000,3232)}
------------------------------------------------
------------------------------------------------
--- Non-Inclusion Proof Sizes ------------------
Method      Dep Count  Median Size (B)  Samples
--------------------------------------------------
ozks                0           7617.0       10
ozks               10          13425.0       10
ozks               30          16329.0       10
ozks               50          17825.0       10
ozks              100          19761.0       10
ozks              150          20905.0       10
ozks              200          22049.0       10
ozks              250          22313.0       10
ozks              300          22665.0       10
ozks              350          23457.0       10
ozks              400          23633.0       10
ozks              450          24073.0       10
ozks              500          24689.0       10
ozks              550          24689.0       10
ozks              600          25041.0       10
ozks              650          25217.0       10
ozks              700          25129.0       10
ozks              750          26009.0       10
ozks              800          25833.0       10
ozks              850          25217.0       10
ozks              900          25833.0       10
ozks              950          26273.0       10
ozks             1000          26273.0       10
ozks             1500          27417.0       10
ozks             2000          28033.0       10
ozks             2500          28737.0       10
ozks             3000          29265.0       10
ozks             3500          29793.0       10
ozks             4000          30233.0       10
ozks             4500          30585.0       10
ozks             5000          30761.0       10
ozks             5500          30673.0       10
ozks             6000          31113.0       10
ozks             6500          31377.0       10
ozks             7000          31905.0       10
ozks             7500          31993.0       10
ozks             8000          31993.0       10
ozks             8500          32345.0       10
ozks             9000          32433.0       10
ozks             9500          32609.0       10
ozks            10000          32433.0       10
% ozks
\{(0,7617) (10,13425) (30,16329) (50,17825) (100,19761) (150,20905) (200,22049) (250,22313) (300,22665) (350,23457) (400,23633) (450,24073) (500,24689) (550,24689) (600,25041) (650,25217) (700,25129) (750,26009) (800,25833) (850,25217) (900,25833) (950,26273) (1000,26273) (1500,27417) (2000,28033) (2500,28737) (3000,29265) (3500,29793) (4000,30233) (4500,30585) (5000,30761) (5500,30673) (6000,31113) (6500,31377) (7000,31905) (7500,31993) (8000,31993) (8500,32345) (9000,32433) (9500,32609) (10000,32433)}
------------------------------------------------
