merkle-patricia-trie: (2, 0.000234) (3, 0.000246) (4, 0.000188) (8, 0.000216) (16, 0.000192) (32, 0.000212) (64, 0.000218) (128, 0.000202) (256, 0.000230) (512, 0.000200) (1024, 0.000224)
merkle-tree: (2, 0.000148) (3, 0.000166) (4, 0.000160) (8, 0.000162) (16, 0.000156) (32, 0.000166) (64, 0.000180) (128, 0.000168) (256, 0.000170) (512, 0.000172) (1024, 0.000182)
ozks: (2, 0.017048) (3, 0.017516) (4, 0.017450) (8, 0.017838) (16, 0.018646) (32, 0.019122) (64, 0.019150) (128, 0.019372) (256, 0.020268) (512, 0.019520) (1024, 0.020204)
sparse-merkle-tree: (2, 0.000192) (3, 0.000158) (4, 0.000150) (8, 0.000148) (16, 0.000160) (32, 0.000174) (64, 0.000172) (128, 0.000174) (256, 0.000174) (512, 0.000172) (1024, 0.000172)