merkle-patricia-trie: (2, 0.000026) (3, 0.000024) (4, 0.000040) (8, 0.000026) (16, 0.000028) (32, 0.000024) (64, 0.000026) (128, 0.000036) (256, 0.000022) (512, 0.000024) (1024, 0.000022)
merkle-tree: (2, 0.000010) (3, 0.000010) (4, 0.000010) (8, 0.000010) (16, 0.000010) (32, 0.000020) (64, 0.000036) (128, 0.000056) (256, 0.000090) (512, 0.000174) (1024, 0.000266)
oZKS: (2, 0.000840) (3, 0.000890) (4, 0.000706) (8, 0.000722) (16, 0.000742) (32, 0.001184) (64, 0.000950) (128, 0.001030) (256, 0.000922) (512, 0.000738) (1024, 0.001044)
sparse-merkle-tree: (2, 0.000022) (3, 0.000020) (4, 0.000020) (8, 0.000024) (16, 0.000026) (32, 0.000036) (64, 0.000044) (128, 0.000050) (256, 0.000056) (512, 0.000062) (1024, 0.000070)