merkle-patricia-trie: (2, 0.000184) (3, 0.000168) (4, 0.000204) (8, 0.000206) (16, 0.000250) (32, 0.000288) (64, 0.000466) (128, 0.000606) (256, 0.000952) (512, 0.001918) (1024, 0.003854)
merkle-tree: (2, 0.000030) (3, 0.000030) (4, 0.000030) (8, 0.000032) (16, 0.000038) (32, 0.000042) (64, 0.000064) (128, 0.000116) (256, 0.000174) (512, 0.000306) (1024, 0.000600)
oZKS: (2, 0.315200) (3, 0.317238) (4, 0.314680) (8, 0.319354) (16, 0.320454) (32, 0.322610) (64, 0.320434) (128, 0.324138) (256, 0.331644) (512, 0.334894) (1024, 0.355270)
sparse-merkle-tree: (2, 0.000322) (3, 0.000378) (4, 0.000696) (8, 0.001450) (16, 0.003116) (32, 0.005336) (64, 0.013526) (128, 0.023796) (256, 0.047404) (512, 0.100178) (1024, 0.207776)
