merkle-patricia-trie: (2, 0.002382) (3, 0.002542) (4, 0.003386) (8, 0.004432) (16, 0.007626) (32, 0.013158) (64, 0.025792) (128, 0.046842) (256, 0.089488) (512, 0.175188) (1024, 0.313440)
merkle-tree: (2, 0.003856) (3, 0.004192) (4, 0.006314) (8, 0.008036) (16, 0.012184) (32, 0.019558) (64, 0.035864) (128, 0.063596) (256, 0.120516) (512, 0.232270) (1024, 0.320254)
oZKS: (2, 0.000706) (3, 0.000668) (4, 0.000834) (8, 0.000804) (16, 0.000860) (32, 0.000648) (64, 0.000740) (128, 0.000818) (256, 0.000728) (512, 0.000818) (1024, 0.000982)
sparse-merkle-tree: (2, 0.002178) (3, 0.003224) (4, 0.003592) (8, 0.006128) (16, 0.009440) (32, 0.017934) (64, 0.036370) (128, 0.069180) (256, 0.127054) (512, 0.245514) (1024, 0.494072)
