merkle-patricia-trie: (2, 0.002368) (3, 0.002506) (4, 0.003646) (8, 0.004594) (16, 0.007272) (32, 0.012776) (64, 0.024690) (128, 0.045948) (256, 0.085656) (512, 0.161050) (1024, 0.290474)
merkle-tree: (2, 0.003874) (3, 0.004310) (4, 0.005714) (8, 0.007346) (16, 0.012128) (32, 0.018794) (64, 0.034514) (128, 0.063132) (256, 0.117744) (512, 0.241342) (1024, 0.335512)
oZKS: (2, 0.323552) (3, 0.323738) (4, 0.328316) (8, 0.332202) (16, 0.336818) (32, 0.338180) (64, 0.361006) (128, 0.384540) (256, 0.439556) (512, 0.552154) (1024, 0.726508)
sparse-merkle-tree: (2, 0.002510) (3, 0.003498) (4, 0.003706) (8, 0.005912) (16, 0.009494) (32, 0.017920) (64, 0.035412) (128, 0.066734) (256, 0.129822) (512, 0.252024) (1024, 0.487350)
