merkle-patricia-trie: (2, 411.000000) (3, 484.000000) (4, 548.600000) (8, 786.200000) (16, 1012.000000) (32, 1223.200000) (64, 1487.200000) (128, 1828.200000) (256, 1944.800000) (512, 2369.400000) (1024, 2593.800000)
merkle-tree: (2, 418.000000) (3, 418.000000) (4, 486.000000) (8, 554.000000) (16, 623.000000) (32, 691.000000) (64, 759.000000) (128, 828.000000) (256, 896.000000) (512, 964.000000) (1024, 1033.000000)
sparse-merkle-tree: (2, 522.000000) (3, 614.400000) (4, 726.400000) (8, 602.000000) (16, 869.200000) (32, 950.800000) (64, 960.800000) (128, 987.200000) (256, 957.600000) (512, 1103.600000) (1024, 1208.400000)
