merkle-patricia-trie: (2, 0.000216) (3, 0.000200) (4, 0.000196) (8, 0.000196) (16, 0.000250) (32, 0.000296) (64, 0.000454) (128, 0.000628) (256, 0.000980) (512, 0.001774) (1024, 0.003154)
merkle-tree: (2, 0.000028) (3, 0.000024) (4, 0.000022) (8, 0.000026) (16, 0.000030) (32, 0.000042) (64, 0.000052) (128, 0.000114) (256, 0.000168) (512, 0.000294) (1024, 0.000576)
oZKS: (2, 0.003174) (3, 0.002746) (4, 0.003364) (8, 0.005282) (16, 0.008620) (32, 0.009568) (64, 0.010034) (128, 0.011340) (256, 0.014378) (512, 0.019876) (1024, 0.034472)
sparse-merkle-tree: (2, 0.000434) (3, 0.000476) (4, 0.000722) (8, 0.001206) (16, 0.003226) (32, 0.006436) (64, 0.011406) (128, 0.023624) (256, 0.048676) (512, 0.096636) (1024, 0.196266)