merkle-patricia-trie: (2, 0.000040) (3, 0.000020) (4, 0.000020) (8, 0.000026) (16, 0.000044) (32, 0.000060) (64, 0.000106) (128, 0.000216) (256, 0.000350) (512, 0.000644) (1024, 0.001242)
merkle-tree: (2, 0.000060) (3, 0.000010) (4, 0.000010) (8, 0.000010) (16, 0.000010) (32, 0.000018) (64, 0.000030) (128, 0.000050) (256, 0.000094) (512, 0.000172) (1024, 0.000330)
sparse-merkle-tree: (2, 0.000140) (3, 0.000138) (4, 0.000198) (8, 0.000388) (16, 0.000766) (32, 0.001426) (64, 0.002880) (128, 0.005756) (256, 0.012498) (512, 0.027044) (1024, 0.059358)
