merkle-patricia-trie: (2, 0.00258) (3, 0.00227) (4, 0.00425) (8, 0.00502) (16, 0.00753) (32, 0.01242) (64, 0.02658) (128, 0.04762) (256, 0.08454) (512, 0.15459) (1024, 0.29471)
merkle-tree: (2, 0.00428) (3, 0.00413) (4, 0.00509) (8, 0.00708) (16, 0.01186) (32, 0.01868) (64, 0.03518) (128, 0.06821) (256, 0.11705) (512, 0.21750) (1024, 0.28222)
sparse-merkle-tree: (2, 0.00289) (3, 0.00350) (4, 0.00426) (8, 0.00661) (16, 0.01052) (32, 0.01855) (64, 0.03163) (128, 0.06377) (256, 0.12203) (512, 0.24298) (1024, 0.49499)
oZKS: (2, 0.32272) (3, 0.32360) (4, 0.33062) (8, 0.33894) (16, 0.34018) (32, 0.35004) (64, 0.36334) (128, 0.38950) (256, 0.44131) (512, 0.54756) (1024, 0.72346)
merkle-patricia-trie: (2, 0.00242) (3, 0.00232) (4, 0.00391) (8, 0.00442) (16, 0.00690) (32, 0.01285) (64, 0.02353) (128, 0.04433) (256, 0.08151) (512, 0.15330) (1024, 0.28253)
merkle-tree: (2, 0.00350) (3, 0.00463) (4, 0.00572) (8, 0.00751) (16, 0.01218) (32, 0.01948) (64, 0.03447) (128, 0.06295) (256, 0.12128) (512, 0.24436) (1024, 0.32255)
sparse-merkle-tree: (2, 0.00228) (3, 0.00336) (4, 0.00331) (8, 0.00525) (16, 0.00910) (32, 0.01619) (64, 0.03595) (128, 0.06764) (256, 0.12363) (512, 0.25651) (1024, 0.51250)
oZKS: (2, 0.33465) (3, 0.33378) (4, 0.33560) (8, 0.31848) (16, 0.33871) (32, 0.33000) (64, 0.35564) (128, 0.38476) (256, 0.43598) (512, 0.55959) (1024, 0.73652)
merkle-patricia-trie: (2, 0.00205) (3, 0.00257) (4, 0.00279) (8, 0.00406) (16, 0.00710) (32, 0.01351) (64, 0.02444) (128, 0.04857) (256, 0.08787) (512, 0.17045) (1024, 0.30001)
merkle-tree: (2, 0.00384) (3, 0.00427) (4, 0.00492) (8, 0.00720) (16, 0.01233) (32, 0.01853) (64, 0.03266) (128, 0.06121) (256, 0.11575) (512, 0.24159) (1024, 0.34514)
sparse-merkle-tree: (2, 0.00218) (3, 0.00356) (4, 0.00335) (8, 0.00685) (16, 0.00887) (32, 0.02025) (64, 0.03709) (128, 0.06898) (256, 0.13828) (512, 0.27081) (1024, 0.53012)
oZKS: (2, 0.32262) (3, 0.31916) (4, 0.31817) (8, 0.33968) (16, 0.32296) (32, 0.34037) (64, 0.35069) (128, 0.38304) (256, 0.43516) (512, 0.55026) (1024, 0.72055)
merkle-patricia-trie: (2, 0.00265) (3, 0.00287) (4, 0.00349) (8, 0.00502) (16, 0.00764) (32, 0.01254) (64, 0.02423) (128, 0.04458) (256, 0.09031) (512, 0.16183) (1024, 0.28181)
merkle-tree: (2, 0.00378) (3, 0.00408) (4, 0.00641) (8, 0.00757) (16, 0.01194) (32, 0.01920) (64, 0.03561) (128, 0.06236) (256, 0.11704) (512, 0.25953) (1024, 0.42452)
sparse-merkle-tree: (2, 0.00258) (3, 0.00358) (4, 0.00359) (8, 0.00583) (16, 0.00967) (32, 0.01761) (64, 0.03793) (128, 0.07150) (256, 0.13807) (512, 0.25603) (1024, 0.43985)
oZKS: (2, 0.31448) (3, 0.31997) (4, 0.32795) (8, 0.33520) (16, 0.34551) (32, 0.33745) (64, 0.36799) (128, 0.38520) (256, 0.44681) (512, 0.54138) (1024, 0.74145)
merkle-patricia-trie: (2, 0.00214) (3, 0.00250) (4, 0.00379) (8, 0.00445) (16, 0.00719) (32, 0.01256) (64, 0.02467) (128, 0.04464) (256, 0.08405) (512, 0.16508) (1024, 0.29331)
merkle-tree: (2, 0.00397) (3, 0.00444) (4, 0.00643) (8, 0.00737) (16, 0.01233) (32, 0.01808) (64, 0.03465) (128, 0.06093) (256, 0.11760) (512, 0.24373) (1024, 0.30313)
sparse-merkle-tree: (2, 0.00262) (3, 0.00349) (4, 0.00402) (8, 0.00502) (16, 0.00931) (32, 0.01700) (64, 0.03446) (128, 0.06178) (256, 0.12710) (512, 0.23379) (1024, 0.45929)
oZKS: (2, 0.32329) (3, 0.32218) (4, 0.32924) (8, 0.32871) (16, 0.33673) (32, 0.33304) (64, 0.36737) (128, 0.38020) (256, 0.43852) (512, 0.56198) (1024, 0.71056)
