merkle-tree: (2, 0.00003) (3, 0.00003) (4, 0.00003) (8, 0.00003) (16, 0.00004) (32, 0.00004) (64, 0.00007) (128, 0.00011) (256, 0.00017) (512, 0.00030) (1024, 0.00058)
sparse-merkle-tree: (2, 0.00032) (3, 0.00036) (4, 0.00057) (8, 0.00203) (16, 0.00346) (32, 0.00513) (64, 0.01460) (128, 0.02314) (256, 0.04545) (512, 0.09189) (1024, 0.20394)
merkle-patricia-trie: (2, 0.00018) (3, 0.00016) (4, 0.00018) (8, 0.00025) (16, 0.00031) (32, 0.00030) (64, 0.00039) (128, 0.00060) (256, 0.00096) (512, 0.00170) (1024, 0.00318)
oZKS: (2, 0.31396) (3, 0.32241) (4, 0.31234) (8, 0.31287) (16, 0.31493) (32, 0.32515) (64, 0.32568) (128, 0.31974) (256, 0.33728) (512, 0.33447) (1024, 0.35321)
merkle-tree: (2, 0.00003) (3, 0.00003) (4, 0.00003) (8, 0.00003) (16, 0.00004) (32, 0.00004) (64, 0.00007) (128, 0.00013) (256, 0.00017) (512, 0.00029) (1024, 0.00056)
sparse-merkle-tree: (2, 0.00032) (3, 0.00037) (4, 0.00069) (8, 0.00114) (16, 0.00263) (32, 0.00521) (64, 0.01500) (128, 0.02175) (256, 0.04345) (512, 0.10377) (1024, 0.20746)
merkle-patricia-trie: (2, 0.00018) (3, 0.00016) (4, 0.00018) (8, 0.00019) (16, 0.00022) (32, 0.00027) (64, 0.00057) (128, 0.00059) (256, 0.00095) (512, 0.00267) (1024, 0.00534)
oZKS: (2, 0.31216) (3, 0.31009) (4, 0.31543) (8, 0.32658) (16, 0.31203) (32, 0.32283) (64, 0.31501) (128, 0.33098) (256, 0.33013) (512, 0.33584) (1024, 0.35101)
merkle-tree: (2, 0.00003) (3, 0.00003) (4, 0.00003) (8, 0.00003) (16, 0.00004) (32, 0.00004) (64, 0.00006) (128, 0.00011) (256, 0.00019) (512, 0.00029) (1024, 0.00064)
sparse-merkle-tree: (2, 0.00032) (3, 0.00038) (4, 0.00097) (8, 0.00120) (16, 0.00288) (32, 0.00624) (64, 0.01123) (128, 0.02461) (256, 0.04962) (512, 0.09889) (1024, 0.21373)
merkle-patricia-trie: (2, 0.00020) (3, 0.00017) (4, 0.00023) (8, 0.00020) (16, 0.00023) (32, 0.00030) (64, 0.00042) (128, 0.00072) (256, 0.00094) (512, 0.00185) (1024, 0.00419)
oZKS: (2, 0.31875) (3, 0.31925) (4, 0.31177) (8, 0.31529) (16, 0.32352) (32, 0.31451) (64, 0.32355) (128, 0.32198) (256, 0.32702) (512, 0.32951) (1024, 0.36115)
merkle-tree: (2, 0.00003) (3, 0.00003) (4, 0.00003) (8, 0.00004) (16, 0.00003) (32, 0.00004) (64, 0.00006) (128, 0.00012) (256, 0.00017) (512, 0.00035) (1024, 0.00067)
sparse-merkle-tree: (2, 0.00033) (3, 0.00039) (4, 0.00065) (8, 0.00169) (16, 0.00241) (32, 0.00478) (64, 0.01459) (128, 0.02716) (256, 0.04744) (512, 0.10551) (1024, 0.19954)
merkle-patricia-trie: (2, 0.00018) (3, 0.00018) (4, 0.00018) (8, 0.00019) (16, 0.00022) (32, 0.00029) (64, 0.00056) (128, 0.00056) (256, 0.00094) (512, 0.00169) (1024, 0.00342)
oZKS: (2, 0.31785) (3, 0.31893) (4, 0.31025) (8, 0.32044) (16, 0.32619) (32, 0.32500) (64, 0.32545) (128, 0.33150) (256, 0.33300) (512, 0.33470) (1024, 0.35762)
merkle-tree: (2, 0.00003) (3, 0.00003) (4, 0.00003) (8, 0.00003) (16, 0.00004) (32, 0.00005) (64, 0.00006) (128, 0.00011) (256, 0.00017) (512, 0.00030) (1024, 0.00055)
sparse-merkle-tree: (2, 0.00032) (3, 0.00039) (4, 0.00060) (8, 0.00119) (16, 0.00420) (32, 0.00532) (64, 0.01221) (128, 0.02232) (256, 0.05106) (512, 0.10083) (1024, 0.21421)
merkle-patricia-trie: (2, 0.00018) (3, 0.00017) (4, 0.00025) (8, 0.00020) (16, 0.00027) (32, 0.00028) (64, 0.00039) (128, 0.00056) (256, 0.00097) (512, 0.00168) (1024, 0.00314)
oZKS: (2, 0.31328) (3, 0.31551) (4, 0.32361) (8, 0.32159) (16, 0.32560) (32, 0.32556) (64, 0.31248) (128, 0.31649) (256, 0.33079) (512, 0.33995) (1024, 0.35336)
