merkle-patricia-trie: (2, 0.00026) (3, 0.00018) (4, 0.00027) (8, 0.00018) (16, 0.00018) (32, 0.00021) (64, 0.00018) (128, 0.00021) (256, 0.00018) (512, 0.00021) (1024, 0.00025)
merkle-tree: (2, 0.00015) (3, 0.00012) (4, 0.00019) (8, 0.00020) (16, 0.00014) (32, 0.00014) (64, 0.00019) (128, 0.00017) (256, 0.00020) (512, 0.00020) (1024, 0.00020)
sparse-merkle-tree: (2, 0.00029) (3, 0.00016) (4, 0.00014) (8, 0.00014) (16, 0.00014) (32, 0.00016) (64, 0.00014) (128, 0.00020) (256, 0.00019) (512, 0.00015) (1024, 0.00016)
ozks: (2, 0.01578) (3, 0.01688) (4, 0.01698) (8, 0.01935) (16, 0.01870) (32, 0.01897) (64, 0.02030) (128, 0.01933) (256, 0.01975) (512, 0.01952) (1024, 0.02128)
merkle-patricia-trie: (2, 0.00017) (3, 0.00033) (4, 0.00017) (8, 0.00018) (16, 0.00023) (32, 0.00019) (64, 0.00023) (128, 0.00024) (256, 0.00030) (512, 0.00022) (1024, 0.00024)
merkle-tree: (2, 0.00013) (3, 0.00017) (4, 0.00015) (8, 0.00016) (16, 0.00018) (32, 0.00021) (64, 0.00020) (128, 0.00020) (256, 0.00015) (512, 0.00015) (1024, 0.00021)
sparse-merkle-tree: (2, 0.00017) (3, 0.00014) (4, 0.00015) (8, 0.00015) (16, 0.00015) (32, 0.00019) (64, 0.00016) (128, 0.00017) (256, 0.00016) (512, 0.00015) (1024, 0.00019)
ozks: (2, 0.01665) (3, 0.01788) (4, 0.01722) (8, 0.01845) (16, 0.02057) (32, 0.01900) (64, 0.02053) (128, 0.01801) (256, 0.02018) (512, 0.01888) (1024, 0.01800)
merkle-patricia-trie: (2, 0.00028) (3, 0.00021) (4, 0.00016) (8, 0.00024) (16, 0.00020) (32, 0.00031) (64, 0.00027) (128, 0.00019) (256, 0.00024) (512, 0.00019) (1024, 0.00021)
merkle-tree: (2, 0.00017) (3, 0.00019) (4, 0.00014) (8, 0.00013) (16, 0.00017) (32, 0.00018) (64, 0.00018) (128, 0.00020) (256, 0.00013) (512, 0.00015) (1024, 0.00023)
sparse-merkle-tree: (2, 0.00020) (3, 0.00020) (4, 0.00018) (8, 0.00017) (16, 0.00022) (32, 0.00021) (64, 0.00023) (128, 0.00017) (256, 0.00015) (512, 0.00016) (1024, 0.00019)
ozks: (2, 0.01899) (3, 0.01790) (4, 0.01763) (8, 0.01753) (16, 0.01772) (32, 0.01895) (64, 0.01762) (128, 0.02092) (256, 0.02088) (512, 0.02086) (1024, 0.01894)
merkle-patricia-trie: (2, 0.00028) (3, 0.00025) (4, 0.00018) (8, 0.00029) (16, 0.00017) (32, 0.00017) (64, 0.00020) (128, 0.00020) (256, 0.00024) (512, 0.00020) (1024, 0.00024)
merkle-tree: (2, 0.00014) (3, 0.00014) (4, 0.00014) (8, 0.00014) (16, 0.00013) (32, 0.00016) (64, 0.00014) (128, 0.00014) (256, 0.00015) (512, 0.00022) (1024, 0.00013)
sparse-merkle-tree: (2, 0.00013) (3, 0.00015) (4, 0.00014) (8, 0.00014) (16, 0.00014) (32, 0.00017) (64, 0.00019) (128, 0.00019) (256, 0.00020) (512, 0.00014) (1024, 0.00017)
ozks: (2, 0.01755) (3, 0.01741) (4, 0.01873) (8, 0.01674) (16, 0.01862) (32, 0.01978) (64, 0.01944) (128, 0.01971) (256, 0.02052) (512, 0.01926) (1024, 0.02211)
merkle-patricia-trie: (2, 0.00018) (3, 0.00026) (4, 0.00016) (8, 0.00019) (16, 0.00018) (32, 0.00018) (64, 0.00021) (128, 0.00017) (256, 0.00019) (512, 0.00018) (1024, 0.00018)
merkle-tree: (2, 0.00015) (3, 0.00021) (4, 0.00018) (8, 0.00018) (16, 0.00016) (32, 0.00014) (64, 0.00019) (128, 0.00013) (256, 0.00022) (512, 0.00014) (1024, 0.00014)
sparse-merkle-tree: (2, 0.00017) (3, 0.00014) (4, 0.00014) (8, 0.00014) (16, 0.00015) (32, 0.00014) (64, 0.00014) (128, 0.00014) (256, 0.00017) (512, 0.00026) (1024, 0.00015)
ozks: (2, 0.01627) (3, 0.01751) (4, 0.01669) (8, 0.01712) (16, 0.01762) (32, 0.01891) (64, 0.01786) (128, 0.01889) (256, 0.02001) (512, 0.01908) (1024, 0.02069)
