merkle-patricia-trie: (2, 0.00276) (3, 0.00241) (4, 0.00277) (8, 0.00464) (16, 0.00701) (32, 0.01251) (64, 0.02503) (128, 0.04618) (256, 0.09293) (512, 0.18452) (1024, 0.34059)
merkle-tree: (2, 0.00359) (3, 0.00403) (4, 0.00626) (8, 0.00734) (16, 0.01304) (32, 0.01894) (64, 0.03456) (128, 0.06272) (256, 0.12064) (512, 0.22758) (1024, 0.32215)
sparse-merkle-tree: (2, 0.00210) (3, 0.00263) (4, 0.00364) (8, 0.00661) (16, 0.00932) (32, 0.01648) (64, 0.03432) (128, 0.06830) (256, 0.12358) (512, 0.24483) (1024, 0.46377)
oZKS: (2, 0.00059) (3, 0.00056) (4, 0.00054) (8, 0.00059) (16, 0.00093) (32, 0.00067) (64, 0.00060) (128, 0.00086) (256, 0.00056) (512, 0.00096) (1024, 0.00104)
merkle-patricia-trie: (2, 0.00213) (3, 0.00268) (4, 0.00272) (8, 0.00436) (16, 0.00721) (32, 0.01343) (64, 0.02470) (128, 0.04890) (256, 0.08851) (512, 0.16785) (1024, 0.30844)
merkle-tree: (2, 0.00374) (3, 0.00412) (4, 0.00610) (8, 0.00774) (16, 0.01315) (32, 0.02008) (64, 0.03731) (128, 0.06612) (256, 0.11610) (512, 0.24439) (1024, 0.33379)
sparse-merkle-tree: (2, 0.00225) (3, 0.00373) (4, 0.00353) (8, 0.00538) (16, 0.00891) (32, 0.01691) (64, 0.04059) (128, 0.06953) (256, 0.12556) (512, 0.24728) (1024, 0.49600)
oZKS: (2, 0.00069) (3, 0.00057) (4, 0.00072) (8, 0.00079) (16, 0.00094) (32, 0.00058) (64, 0.00072) (128, 0.00082) (256, 0.00076) (512, 0.00088) (1024, 0.00127)
merkle-patricia-trie: (2, 0.00259) (3, 0.00291) (4, 0.00389) (8, 0.00453) (16, 0.00854) (32, 0.01316) (64, 0.02552) (128, 0.04540) (256, 0.09090) (512, 0.16947) (1024, 0.30131)
merkle-tree: (2, 0.00365) (3, 0.00453) (4, 0.00645) (8, 0.00978) (16, 0.01120) (32, 0.01962) (64, 0.03532) (128, 0.06379) (256, 0.12201) (512, 0.20935) (1024, 0.31472)
sparse-merkle-tree: (2, 0.00219) (3, 0.00311) (4, 0.00333) (8, 0.00578) (16, 0.00938) (32, 0.01946) (64, 0.03961) (128, 0.07150) (256, 0.13335) (512, 0.24679) (1024, 0.50449)
oZKS: (2, 0.00060) (3, 0.00058) (4, 0.00071) (8, 0.00077) (16, 0.00066) (32, 0.00081) (64, 0.00074) (128, 0.00094) (256, 0.00075) (512, 0.00084) (1024, 0.00074)
merkle-patricia-trie: (2, 0.00206) (3, 0.00238) (4, 0.00433) (8, 0.00418) (16, 0.00720) (32, 0.01330) (64, 0.02898) (128, 0.04699) (256, 0.08735) (512, 0.18765) (1024, 0.32632)
merkle-tree: (2, 0.00435) (3, 0.00421) (4, 0.00638) (8, 0.00788) (16, 0.01086) (32, 0.01869) (64, 0.03558) (128, 0.06251) (256, 0.12048) (512, 0.24924) (1024, 0.32946)
sparse-merkle-tree: (2, 0.00222) (3, 0.00337) (4, 0.00378) (8, 0.00590) (16, 0.00960) (32, 0.01818) (64, 0.03441) (128, 0.07124) (256, 0.12476) (512, 0.24858) (1024, 0.50816)
oZKS: (2, 0.00060) (3, 0.00073) (4, 0.00099) (8, 0.00061) (16, 0.00076) (32, 0.00061) (64, 0.00093) (128, 0.00072) (256, 0.00076) (512, 0.00067) (1024, 0.00110)
merkle-patricia-trie: (2, 0.00237) (3, 0.00233) (4, 0.00322) (8, 0.00445) (16, 0.00817) (32, 0.01339) (64, 0.02473) (128, 0.04674) (256, 0.08775) (512, 0.16645) (1024, 0.29054)
merkle-tree: (2, 0.00395) (3, 0.00407) (4, 0.00638) (8, 0.00744) (16, 0.01267) (32, 0.02046) (64, 0.03655) (128, 0.06284) (256, 0.12335) (512, 0.23079) (1024, 0.30115)
sparse-merkle-tree: (2, 0.00213) (3, 0.00328) (4, 0.00368) (8, 0.00697) (16, 0.00999) (32, 0.01864) (64, 0.03292) (128, 0.06533) (256, 0.12802) (512, 0.24009) (1024, 0.49794)
oZKS: (2, 0.00105) (3, 0.00090) (4, 0.00121) (8, 0.00126) (16, 0.00101) (32, 0.00057) (64, 0.00071) (128, 0.00075) (256, 0.00081) (512, 0.00074) (1024, 0.00076)
