merkle-tree: (2, 0.00004) (3, 0.00002) (4, 0.00002) (8, 0.00002) (16, 0.00003) (32, 0.00004) (64, 0.00005) (128, 0.00011) (256, 0.00016) (512, 0.00029) (1024, 0.00048)
sparse-merkle-tree: (2, 0.00032) (3, 0.00034) (4, 0.00078) (8, 0.00111) (16, 0.00403) (32, 0.00744) (64, 0.01303) (128, 0.02206) (256, 0.04746) (512, 0.09653) (1024, 0.17604)
merkle-patricia-trie: (2, 0.00023) (3, 0.00016) (4, 0.00018) (8, 0.00018) (16, 0.00028) (32, 0.00028) (64, 0.00055) (128, 0.00059) (256, 0.00094) (512, 0.00204) (1024, 0.00253)
oZKS: (2, 0.00423) (3, 0.00262) (4, 0.00330) (8, 0.00578) (16, 0.00847) (32, 0.00827) (64, 0.01074) (128, 0.01040) (256, 0.01460) (512, 0.01658) (1024, 0.03389)
merkle-tree: (2, 0.00002) (3, 0.00003) (4, 0.00002) (8, 0.00003) (16, 0.00003) (32, 0.00004) (64, 0.00005) (128, 0.00011) (256, 0.00016) (512, 0.00029) (1024, 0.00066)
sparse-merkle-tree: (2, 0.00033) (3, 0.00062) (4, 0.00061) (8, 0.00118) (16, 0.00288) (32, 0.00507) (64, 0.01194) (128, 0.02263) (256, 0.05336) (512, 0.10022) (1024, 0.19738)
merkle-patricia-trie: (2, 0.00019) (3, 0.00027) (4, 0.00018) (8, 0.00021) (16, 0.00032) (32, 0.00030) (64, 0.00051) (128, 0.00071) (256, 0.00104) (512, 0.00162) (1024, 0.00338)
oZKS: (2, 0.00258) (3, 0.00283) (4, 0.00370) (8, 0.00524) (16, 0.00917) (32, 0.00938) (64, 0.00908) (128, 0.01236) (256, 0.01480) (512, 0.02190) (1024, 0.03461)
merkle-tree: (2, 0.00003) (3, 0.00002) (4, 0.00002) (8, 0.00003) (16, 0.00003) (32, 0.00005) (64, 0.00006) (128, 0.00014) (256, 0.00019) (512, 0.00030) (1024, 0.00062)
sparse-merkle-tree: (2, 0.00061) (3, 0.00034) (4, 0.00060) (8, 0.00114) (16, 0.00232) (32, 0.00611) (64, 0.01046) (128, 0.02519) (256, 0.05001) (512, 0.09703) (1024, 0.19082)
merkle-patricia-trie: (2, 0.00029) (3, 0.00017) (4, 0.00017) (8, 0.00019) (16, 0.00021) (32, 0.00030) (64, 0.00040) (128, 0.00058) (256, 0.00096) (512, 0.00170) (1024, 0.00320)
oZKS: (2, 0.00233) (3, 0.00294) (4, 0.00317) (8, 0.00567) (16, 0.00721) (32, 0.00821) (64, 0.00928) (128, 0.01191) (256, 0.01432) (512, 0.02129) (1024, 0.03288)
merkle-tree: (2, 0.00003) (3, 0.00002) (4, 0.00003) (8, 0.00002) (16, 0.00003) (32, 0.00004) (64, 0.00005) (128, 0.00012) (256, 0.00016) (512, 0.00029) (1024, 0.00057)
sparse-merkle-tree: (2, 0.00056) (3, 0.00042) (4, 0.00102) (8, 0.00130) (16, 0.00234) (32, 0.00527) (64, 0.01121) (128, 0.02614) (256, 0.04482) (512, 0.09436) (1024, 0.20860)
merkle-patricia-trie: (2, 0.00018) (3, 0.00018) (4, 0.00028) (8, 0.00019) (16, 0.00022) (32, 0.00030) (64, 0.00041) (128, 0.00060) (256, 0.00101) (512, 0.00187) (1024, 0.00323)
oZKS: (2, 0.00437) (3, 0.00232) (4, 0.00336) (8, 0.00480) (16, 0.00929) (32, 0.01310) (64, 0.01084) (128, 0.01192) (256, 0.01527) (512, 0.01908) (1024, 0.03623)
merkle-tree: (2, 0.00002) (3, 0.00003) (4, 0.00002) (8, 0.00003) (16, 0.00003) (32, 0.00004) (64, 0.00005) (128, 0.00009) (256, 0.00017) (512, 0.00030) (1024, 0.00055)
sparse-merkle-tree: (2, 0.00035) (3, 0.00066) (4, 0.00060) (8, 0.00130) (16, 0.00456) (32, 0.00829) (64, 0.01039) (128, 0.02210) (256, 0.04773) (512, 0.09504) (1024, 0.20849)
merkle-patricia-trie: (2, 0.00019) (3, 0.00022) (4, 0.00017) (8, 0.00021) (16, 0.00022) (32, 0.00030) (64, 0.00040) (128, 0.00066) (256, 0.00095) (512, 0.00164) (1024, 0.00343)
oZKS: (2, 0.00236) (3, 0.00302) (4, 0.00329) (8, 0.00492) (16, 0.00896) (32, 0.00888) (64, 0.01023) (128, 0.01011) (256, 0.01290) (512, 0.02053) (1024, 0.03475)
